# This file uses centimeters as units for non-parametric coordinates.

v 1.697951 2.000000 -0.302940
v 1.697951 1.000000 -0.302940
v 2.302050 1.000000 -0.302940
v 2.302050 2.000000 -0.302940
v 1.697951 2.000000 0.302940
v 1.697951 1.000000 0.302940
v 2.302050 1.000000 0.302940
v 2.302050 2.000000 0.302940
v 1.500000 1.815263 0.316251
v 1.500000 1.815263 -0.316251
v 1.682053 1.817889 -0.500000
v 2.317948 1.817889 -0.500000
v 2.500000 1.815263 -0.316251
v 2.500000 1.815263 0.316251
v 2.317948 1.817889 0.500000
v 1.682053 1.817889 0.500000
v 1.500000 1.184737 0.316251
v 1.500000 1.184737 -0.316251
v 1.682053 1.182111 -0.500000
v 2.317948 1.182111 -0.500000
v 2.500000 1.184737 -0.316251
v 2.500000 1.184737 0.316251
v 2.317948 1.182111 0.500000
v 1.682053 1.182111 0.500000
v 1.544307 1.078338 0.421662
v 1.578338 1.044307 0.421662
v 1.578338 1.078338 0.455693
v 1.607297 1.071554 0.463025
v 1.607297 1.036975 0.428446
v 1.544307 1.921662 0.421662
v 1.578338 1.921662 0.455693
v 1.578338 1.955693 0.421662
v 1.607297 1.963025 0.428446
v 1.607297 1.928446 0.463025
v 1.544307 1.921662 -0.421662
v 1.578338 1.955693 -0.421662
v 1.578338 1.921662 -0.455693
v 1.607297 1.928446 -0.463025
v 1.607297 1.963025 -0.428446
v 1.544307 1.078338 -0.421662
v 1.578338 1.078338 -0.455693
v 1.578338 1.044307 -0.421662
v 1.607297 1.036975 -0.428446
v 1.607297 1.071554 -0.463025
v 1.536975 1.107370 0.428446
v 1.571554 1.107370 0.463025
v 2.421663 1.044307 0.421662
v 2.455693 1.078338 0.421662
v 2.421663 1.078338 0.455693
v 2.463025 1.107370 0.428446
v 2.428447 1.107370 0.463025
v 1.571554 1.963025 0.393861
v 1.536975 1.928446 0.393861
v 2.421663 1.921662 0.455693
v 2.455693 1.921662 0.421662
v 2.421663 1.955693 0.421662
v 2.428447 1.963025 0.393861
v 2.463025 1.928446 0.393861
v 1.536975 1.892630 -0.428446
v 1.571554 1.892630 -0.463025
v 2.421663 1.955693 -0.421662
v 2.455693 1.921662 -0.421662
v 2.421663 1.921662 -0.455693
v 2.428447 1.892630 -0.463025
v 2.463025 1.892630 -0.428446
v 1.571554 1.036975 -0.393861
v 1.536975 1.071554 -0.393861
v 2.421663 1.078338 -0.455693
v 2.455693 1.078338 -0.421662
v 2.421663 1.044307 -0.421662
v 2.428447 1.036975 -0.393861
v 2.463025 1.071554 -0.393861
v 2.392704 1.963025 0.428446
v 2.392704 1.928446 0.463025
v 2.392704 1.928446 -0.463025
v 2.392704 1.963025 -0.428446
v 2.392704 1.036975 -0.428446
v 2.392704 1.071554 -0.463025
v 2.392704 1.071554 0.463025
v 2.392704 1.036975 0.428446
v 1.571554 1.963025 -0.393861
v 1.536975 1.928446 -0.393861
v 1.571554 1.036975 0.393861
v 1.536975 1.071554 0.393861
v 2.428447 1.036975 0.393861
v 2.463025 1.071554 0.393861
v 2.428447 1.963025 -0.393861
v 2.463025 1.928446 -0.393861
v 1.571554 1.892630 0.463025
v 1.536975 1.892630 0.428446
v 1.536975 1.107370 -0.428446
v 1.571554 1.107370 -0.463025
v 2.428447 1.107370 -0.463025
v 2.463025 1.107370 -0.428446
v 2.463025 1.892630 0.428446
v 2.428447 1.892630 0.463025
v 1.697951 1.000000 -0.302940
v 1.697951 0.000000 -0.302940
v 2.302050 0.000000 -0.302940
v 2.302050 1.000000 -0.302940
v 1.697951 1.000000 0.302940
v 1.697951 0.000000 0.302940
v 2.302050 0.000000 0.302940
v 2.302050 1.000000 0.302940
v 1.500000 0.815262 0.316251
v 1.500000 0.815262 -0.316251
v 1.682053 0.817889 -0.500000
v 2.317948 0.817889 -0.500000
v 2.500000 0.815262 -0.316251
v 2.500000 0.815262 0.316251
v 2.317948 0.817889 0.500000
v 1.682053 0.817889 0.500000
v 1.500000 0.184737 0.316251
v 1.500000 0.184737 -0.316251
v 1.682053 0.182111 -0.500000
v 2.317948 0.182111 -0.500000
v 2.500000 0.184737 -0.316251
v 2.500000 0.184737 0.316251
v 2.317948 0.182111 0.500000
v 1.682053 0.182111 0.500000
v 1.544307 0.078338 0.421662
v 1.578338 0.044307 0.421662
v 1.578338 0.078338 0.455693
v 1.607297 0.071554 0.463025
v 1.607297 0.036975 0.428446
v 1.544307 0.921662 0.421662
v 1.578338 0.921662 0.455693
v 1.578338 0.955693 0.421662
v 1.607297 0.963025 0.428446
v 1.607297 0.928446 0.463025
v 1.544307 0.921662 -0.421662
v 1.578338 0.955693 -0.421662
v 1.578338 0.921662 -0.455693
v 1.607297 0.928446 -0.463025
v 1.607297 0.963025 -0.428446
v 1.544307 0.078338 -0.421662
v 1.578338 0.078338 -0.455693
v 1.578338 0.044307 -0.421662
v 1.607297 0.036975 -0.428446
v 1.607297 0.071554 -0.463025
v 1.536975 0.107370 0.428446
v 1.571554 0.107370 0.463025
v 2.421663 0.044307 0.421662
v 2.455693 0.078338 0.421662
v 2.421663 0.078338 0.455693
v 2.463025 0.107370 0.428446
v 2.428447 0.107370 0.463025
v 1.571554 0.963025 0.393861
v 1.536975 0.928446 0.393861
v 2.421663 0.921662 0.455693
v 2.455693 0.921662 0.421662
v 2.421663 0.955693 0.421662
v 2.428447 0.963025 0.393861
v 2.463025 0.928446 0.393861
v 1.536975 0.892630 -0.428446
v 1.571554 0.892630 -0.463025
v 2.421663 0.955693 -0.421662
v 2.455693 0.921662 -0.421662
v 2.421663 0.921662 -0.455693
v 2.428447 0.892630 -0.463025
v 2.463025 0.892630 -0.428446
v 1.571554 0.036975 -0.393861
v 1.536975 0.071554 -0.393861
v 2.421663 0.078338 -0.455693
v 2.455693 0.078338 -0.421662
v 2.421663 0.044307 -0.421662
v 2.428447 0.036975 -0.393861
v 2.463025 0.071554 -0.393861
v 2.392704 0.963025 0.428446
v 2.392704 0.928446 0.463025
v 2.392704 0.928446 -0.463025
v 2.392704 0.963025 -0.428446
v 2.392704 0.036975 -0.428446
v 2.392704 0.071554 -0.463025
v 2.392704 0.071554 0.463025
v 2.392704 0.036975 0.428446
v 1.571554 0.963025 -0.393861
v 1.536975 0.928446 -0.393861
v 1.571554 0.036975 0.393861
v 1.536975 0.071554 0.393861
v 2.428447 0.036975 0.393861
v 2.463025 0.071554 0.393861
v 2.428447 0.963025 -0.393861
v 2.463025 0.928446 -0.393861
v 1.571554 0.892630 0.463025
v 1.536975 0.892630 0.428446
v 1.536975 0.107370 -0.428446
v 1.571554 0.107370 -0.463025
v 2.428447 0.107370 -0.463025
v 2.463025 0.107370 -0.428446
v 2.463025 0.892630 0.428446
v 2.428447 0.892630 0.463025
v 0.697951 1.000000 -0.302940
v 0.697951 0.000000 -0.302940
v 1.302050 0.000000 -0.302940
v 1.302050 1.000000 -0.302940
v 0.697951 1.000000 0.302940
v 0.697951 0.000000 0.302940
v 1.302050 0.000000 0.302940
v 1.302050 1.000000 0.302940
v 0.500000 0.815262 0.316251
v 0.500000 0.815262 -0.316251
v 0.682053 0.817889 -0.500000
v 1.317948 0.817889 -0.500000
v 1.500000 0.815262 -0.316251
v 1.500000 0.815262 0.316251
v 1.317948 0.817889 0.500000
v 0.682053 0.817889 0.500000
v 0.500000 0.184737 0.316251
v 0.500000 0.184737 -0.316251
v 0.682053 0.182111 -0.500000
v 1.317948 0.182111 -0.500000
v 1.500000 0.184737 -0.316251
v 1.500000 0.184737 0.316251
v 1.317948 0.182111 0.500000
v 0.682053 0.182111 0.500000
v 0.544307 0.078338 0.421662
v 0.578338 0.044307 0.421662
v 0.578338 0.078338 0.455693
v 0.607297 0.071554 0.463025
v 0.607297 0.036975 0.428446
v 0.544307 0.921662 0.421662
v 0.578338 0.921662 0.455693
v 0.578338 0.955693 0.421662
v 0.607297 0.963025 0.428446
v 0.607297 0.928446 0.463025
v 0.544307 0.921662 -0.421662
v 0.578338 0.955693 -0.421662
v 0.578338 0.921662 -0.455693
v 0.607297 0.928446 -0.463025
v 0.607297 0.963025 -0.428446
v 0.544307 0.078338 -0.421662
v 0.578338 0.078338 -0.455693
v 0.578338 0.044307 -0.421662
v 0.607297 0.036975 -0.428446
v 0.607297 0.071554 -0.463025
v 0.536975 0.107370 0.428446
v 0.571554 0.107370 0.463025
v 1.421663 0.044307 0.421662
v 1.455693 0.078338 0.421662
v 1.421663 0.078338 0.455693
v 1.463025 0.107370 0.428446
v 1.428447 0.107370 0.463025
v 0.571554 0.963025 0.393861
v 0.536975 0.928446 0.393861
v 1.421663 0.921662 0.455693
v 1.455693 0.921662 0.421662
v 1.421663 0.955693 0.421662
v 1.428447 0.963025 0.393861
v 1.463025 0.928446 0.393861
v 0.536975 0.892630 -0.428446
v 0.571554 0.892630 -0.463025
v 1.421663 0.955693 -0.421662
v 1.455693 0.921662 -0.421662
v 1.421663 0.921662 -0.455693
v 1.428447 0.892630 -0.463025
v 1.463025 0.892630 -0.428446
v 0.571554 0.036975 -0.393861
v 0.536975 0.071554 -0.393861
v 1.421663 0.078338 -0.455693
v 1.455693 0.078338 -0.421662
v 1.421663 0.044307 -0.421662
v 1.428447 0.036975 -0.393861
v 1.463025 0.071554 -0.393861
v 1.392704 0.963025 0.428446
v 1.392704 0.928446 0.463025
v 1.392704 0.928446 -0.463025
v 1.392704 0.963025 -0.428446
v 1.392704 0.036975 -0.428446
v 1.392704 0.071554 -0.463025
v 1.392704 0.071554 0.463025
v 1.392704 0.036975 0.428446
v 0.571554 0.963025 -0.393861
v 0.536975 0.928446 -0.393861
v 0.571554 0.036975 0.393861
v 0.536975 0.071554 0.393861
v 1.428447 0.036975 0.393861
v 1.463025 0.071554 0.393861
v 1.428447 0.963025 -0.393861
v 1.463025 0.928446 -0.393861
v 0.571554 0.892630 0.463025
v 0.536975 0.892630 0.428446
v 0.536975 0.107370 -0.428446
v 0.571554 0.107370 -0.463025
v 1.428447 0.107370 -0.463025
v 1.463025 0.107370 -0.428446
v 1.463025 0.892630 0.428446
v 1.428447 0.892630 0.463025
v -0.302049 1.000000 -0.302940
v -0.302049 0.000000 -0.302940
v 0.302050 0.000000 -0.302940
v 0.302050 1.000000 -0.302940
v -0.302049 1.000000 0.302940
v -0.302049 0.000000 0.302940
v 0.302050 0.000000 0.302940
v 0.302050 1.000000 0.302940
v -0.500000 0.815262 0.316251
v -0.500000 0.815262 -0.316251
v -0.317947 0.817889 -0.500000
v 0.317948 0.817889 -0.500000
v 0.500000 0.815262 -0.316251
v 0.500000 0.815262 0.316251
v 0.317948 0.817889 0.500000
v -0.317947 0.817889 0.500000
v -0.500000 0.184737 0.316251
v -0.500000 0.184737 -0.316251
v -0.317947 0.182111 -0.500000
v 0.317948 0.182111 -0.500000
v 0.500000 0.184737 -0.316251
v 0.500000 0.184737 0.316251
v 0.317948 0.182111 0.500000
v -0.317947 0.182111 0.500000
v -0.455693 0.078338 0.421662
v -0.421662 0.044307 0.421662
v -0.421662 0.078338 0.455693
v -0.392703 0.071554 0.463025
v -0.392703 0.036975 0.428446
v -0.455693 0.921662 0.421662
v -0.421662 0.921662 0.455693
v -0.421662 0.955693 0.421662
v -0.392703 0.963025 0.428446
v -0.392703 0.928446 0.463025
v -0.455693 0.921662 -0.421662
v -0.421662 0.955693 -0.421662
v -0.421662 0.921662 -0.455693
v -0.392703 0.928446 -0.463025
v -0.392703 0.963025 -0.428446
v -0.455693 0.078338 -0.421662
v -0.421662 0.078338 -0.455693
v -0.421662 0.044307 -0.421662
v -0.392703 0.036975 -0.428446
v -0.392703 0.071554 -0.463025
v -0.463025 0.107370 0.428446
v -0.428446 0.107370 0.463025
v 0.421663 0.044307 0.421662
v 0.455693 0.078338 0.421662
v 0.421663 0.078338 0.455693
v 0.463025 0.107370 0.428446
v 0.428447 0.107370 0.463025
v -0.428446 0.963025 0.393861
v -0.463025 0.928446 0.393861
v 0.421663 0.921662 0.455693
v 0.455693 0.921662 0.421662
v 0.421663 0.955693 0.421662
v 0.428447 0.963025 0.393861
v 0.463025 0.928446 0.393861
v -0.463025 0.892630 -0.428446
v -0.428446 0.892630 -0.463025
v 0.421663 0.955693 -0.421662
v 0.455693 0.921662 -0.421662
v 0.421663 0.921662 -0.455693
v 0.428447 0.892630 -0.463025
v 0.463025 0.892630 -0.428446
v -0.428446 0.036975 -0.393861
v -0.463025 0.071554 -0.393861
v 0.421663 0.078338 -0.455693
v 0.455693 0.078338 -0.421662
v 0.421663 0.044307 -0.421662
v 0.428447 0.036975 -0.393861
v 0.463025 0.071554 -0.393861
v 0.392704 0.963025 0.428446
v 0.392704 0.928446 0.463025
v 0.392704 0.928446 -0.463025
v 0.392704 0.963025 -0.428446
v 0.392704 0.036975 -0.428446
v 0.392704 0.071554 -0.463025
v 0.392704 0.071554 0.463025
v 0.392704 0.036975 0.428446
v -0.428446 0.963025 -0.393861
v -0.463025 0.928446 -0.393861
v -0.428446 0.036975 0.393861
v -0.463025 0.071554 0.393861
v 0.428447 0.036975 0.393861
v 0.463025 0.071554 0.393861
v 0.428447 0.963025 -0.393861
v 0.463025 0.928446 -0.393861
v -0.428446 0.892630 0.463025
v -0.463025 0.892630 0.428446
v -0.463025 0.107370 -0.428446
v -0.428446 0.107370 -0.463025
v 0.428447 0.107370 -0.463025
v 0.463025 0.107370 -0.428446
v 0.463025 0.892630 0.428446
v 0.428447 0.892630 0.463025
vt 0.826171 0.172868
vt 0.173830 0.172868
vt 0.173830 0.827132
vt 0.826171 0.827132
vt 0.173830 0.172868
vt 0.826171 0.172868
vt 0.826171 0.827132
vt 0.173830 0.827132
vt 0.841505 0.159562
vt 0.158495 0.159562
vt 0.158495 0.840438
vt 0.841505 0.840438
vt 0.843338 0.156726
vt 0.156663 0.156726
vt 0.156663 0.843274
vt 0.843338 0.843274
vt 0.158495 0.840438
vt 0.158495 0.159562
vt 0.841505 0.159562
vt 0.841505 0.840438
vt 0.156663 0.843274
vt 0.156663 0.156726
vt 0.843338 0.156726
vt 0.843338 0.843274
vt 0.044666 0.007917
vt 0.044666 0.044666
vt 0.074687 0.037340
vt 0.074687 -0.000000
vt 0.044666 0.044666
vt 0.044666 0.007917
vt 0.075938 -0.000000
vt 0.075938 0.037340
vt 0.007917 0.044666
vt 0.000000 0.076016
vt 0.037340 0.076016
vt 0.924063 -0.000000
vt 0.924063 0.037340
vt 0.007917 0.955334
vt 0.044666 0.955334
vt 0.037340 0.923984
vt 0.000000 0.923984
vt 0.044666 0.992083
vt 0.044666 0.955334
vt 0.075938 0.962660
vt 0.075938 1.000000
vt 0.044666 0.992083
vt 0.074687 1.000000
vt 0.074687 0.962660
vt 0.924063 0.962660
vt 0.924063 1.000000
vt 0.955334 0.992083
vt 0.955334 0.955334
vt 0.925313 0.962660
vt 0.925313 1.000000
vt 0.044666 0.955334
vt 0.044666 0.992083
vt 0.075938 1.000000
vt 0.075938 0.962660
vt 0.992083 0.955334
vt 1.000000 0.923984
vt 0.962660 0.923984
vt 0.924063 1.000000
vt 0.924063 0.962660
vt 0.992083 0.044666
vt 0.955334 0.044666
vt 0.962660 0.076016
vt 1.000000 0.076016
vt 0.044666 0.007917
vt 0.044666 0.044666
vt 0.075938 0.037340
vt 0.075938 -0.000000
vt 0.955334 0.007917
vt 0.925313 -0.000000
vt 0.925313 0.037340
vt 0.924063 0.037340
vt 0.924063 -0.000000
vt 0.044666 0.044666
vt 0.044666 0.007917
vt 0.074687 -0.000000
vt 0.074687 0.037340
vt 0.007917 0.044666
vt 0.037340 0.076016
vt 0.000000 0.076016
vt 0.955335 0.007917
vt 0.955335 0.044666
vt 0.037340 0.923984
vt 0.000000 0.923984
vt 0.044666 0.955334
vt 0.007917 0.955334
vt 0.044666 0.992083
vt 0.074687 0.962660
vt 0.074687 1.000000
vt 0.955335 0.955334
vt 0.955335 0.992083
vt 0.925313 0.962660
vt 0.925313 1.000000
vt 0.955334 0.955334
vt 0.955334 0.992083
vt 0.992083 0.955334
vt 0.962660 0.923984
vt 1.000000 0.923984
vt 0.955335 0.992083
vt 0.955335 0.955334
vt 0.962660 0.076016
vt 1.000000 0.076016
vt 0.955334 0.044666
vt 0.992083 0.044666
vt 0.955334 0.007917
vt 0.925313 0.037340
vt 0.925313 -0.000000
vt 0.955335 0.044666
vt 0.955335 0.007917
vt 0.037340 0.076016
vt 0.037340 0.074687
vt 0.044666 0.044666
vt 0.075938 0.037340
vt 0.037340 0.076016
vt 0.037340 0.074687
vt 0.075938 0.037340
vt 0.044666 0.044666
vt 0.924063 0.037340
vt 0.955335 0.044666
vt 0.962661 0.074687
vt 0.962661 0.076016
vt 0.924063 0.037340
vt 0.962661 0.074687
vt 0.955335 0.044666
vt 0.962661 0.076016
vt 0.037340 0.925313
vt 0.075938 0.962660
vt 0.044666 0.955334
vt 0.037340 0.925313
vt 0.044666 0.955334
vt 0.075938 0.962660
vt 0.924063 0.962660
vt 0.962661 0.925313
vt 0.955335 0.955334
vt 0.962661 0.925313
vt 0.955335 0.955334
vt 0.924063 0.962660
vt 0.037340 0.923984
vt 0.962661 0.923984
vt 0.962661 0.923984
vt 0.037340 0.923984
vt 0.826171 0.172868
vt 0.173830 0.172868
vt 0.173830 0.827132
vt 0.826171 0.827132
vt 0.173830 0.172868
vt 0.826171 0.172868
vt 0.826171 0.827132
vt 0.173830 0.827132
vt 0.841505 0.159562
vt 0.158495 0.159562
vt 0.158495 0.840438
vt 0.841505 0.840438
vt 0.843338 0.156726
vt 0.156663 0.156726
vt 0.156663 0.843274
vt 0.843338 0.843274
vt 0.158495 0.840438
vt 0.158495 0.159562
vt 0.841505 0.159562
vt 0.841505 0.840438
vt 0.156663 0.843274
vt 0.156663 0.156726
vt 0.843338 0.156726
vt 0.843338 0.843274
vt 0.044666 0.007917
vt 0.044666 0.044666
vt 0.074687 0.037340
vt 0.074687 -0.000000
vt 0.044666 0.044666
vt 0.044666 0.007917
vt 0.075938 -0.000000
vt 0.075938 0.037340
vt 0.007917 0.044666
vt 0.000000 0.076016
vt 0.037340 0.076016
vt 0.924063 -0.000000
vt 0.924063 0.037340
vt 0.007917 0.955334
vt 0.044666 0.955334
vt 0.037340 0.923984
vt 0.000000 0.923984
vt 0.044666 0.992083
vt 0.044666 0.955334
vt 0.075938 0.962660
vt 0.075938 1.000000
vt 0.044666 0.992083
vt 0.074687 1.000000
vt 0.074687 0.962660
vt 0.924063 0.962660
vt 0.924063 1.000000
vt 0.955334 0.992083
vt 0.955334 0.955334
vt 0.925313 0.962660
vt 0.925313 1.000000
vt 0.044666 0.955334
vt 0.044666 0.992083
vt 0.075938 1.000000
vt 0.075938 0.962660
vt 0.992083 0.955334
vt 1.000000 0.923984
vt 0.962660 0.923984
vt 0.924063 1.000000
vt 0.924063 0.962660
vt 0.992083 0.044666
vt 0.955334 0.044666
vt 0.962660 0.076016
vt 1.000000 0.076016
vt 0.044666 0.007917
vt 0.044666 0.044666
vt 0.075938 0.037340
vt 0.075938 -0.000000
vt 0.955334 0.007917
vt 0.925313 -0.000000
vt 0.925313 0.037340
vt 0.924063 0.037340
vt 0.924063 -0.000000
vt 0.044666 0.044666
vt 0.044666 0.007917
vt 0.074687 -0.000000
vt 0.074687 0.037340
vt 0.007917 0.044666
vt 0.037340 0.076016
vt 0.000000 0.076016
vt 0.955335 0.007917
vt 0.955335 0.044666
vt 0.037340 0.923984
vt 0.000000 0.923984
vt 0.044666 0.955334
vt 0.007917 0.955334
vt 0.044666 0.992083
vt 0.074687 0.962660
vt 0.074687 1.000000
vt 0.955335 0.955334
vt 0.955335 0.992083
vt 0.925313 0.962660
vt 0.925313 1.000000
vt 0.955334 0.955334
vt 0.955334 0.992083
vt 0.992083 0.955334
vt 0.962660 0.923984
vt 1.000000 0.923984
vt 0.955335 0.992083
vt 0.955335 0.955334
vt 0.962660 0.076016
vt 1.000000 0.076016
vt 0.955334 0.044666
vt 0.992083 0.044666
vt 0.955334 0.007917
vt 0.925313 0.037340
vt 0.925313 -0.000000
vt 0.955335 0.044666
vt 0.955335 0.007917
vt 0.037340 0.076016
vt 0.037340 0.074687
vt 0.044666 0.044666
vt 0.075938 0.037340
vt 0.037340 0.076016
vt 0.037340 0.074687
vt 0.075938 0.037340
vt 0.044666 0.044666
vt 0.924063 0.037340
vt 0.955335 0.044666
vt 0.962661 0.074687
vt 0.962661 0.076016
vt 0.924063 0.037340
vt 0.962661 0.074687
vt 0.955335 0.044666
vt 0.962661 0.076016
vt 0.037340 0.925313
vt 0.075938 0.962660
vt 0.044666 0.955334
vt 0.037340 0.925313
vt 0.044666 0.955334
vt 0.075938 0.962660
vt 0.924063 0.962660
vt 0.962661 0.925313
vt 0.955335 0.955334
vt 0.962661 0.925313
vt 0.955335 0.955334
vt 0.924063 0.962660
vt 0.037340 0.923984
vt 0.962661 0.923984
vt 0.962661 0.923984
vt 0.037340 0.923984
vt 0.826171 0.172868
vt 0.173830 0.172868
vt 0.173830 0.827132
vt 0.826171 0.827132
vt 0.173830 0.172868
vt 0.826171 0.172868
vt 0.826171 0.827132
vt 0.173830 0.827132
vt 0.841505 0.159562
vt 0.158495 0.159562
vt 0.158495 0.840438
vt 0.841505 0.840438
vt 0.843338 0.156726
vt 0.156663 0.156726
vt 0.156663 0.843274
vt 0.843338 0.843274
vt 0.158495 0.840438
vt 0.158495 0.159562
vt 0.841505 0.159562
vt 0.841505 0.840438
vt 0.156663 0.843274
vt 0.156663 0.156726
vt 0.843338 0.156726
vt 0.843338 0.843274
vt 0.044666 0.007917
vt 0.044666 0.044666
vt 0.074687 0.037340
vt 0.074687 -0.000000
vt 0.044666 0.044666
vt 0.044666 0.007917
vt 0.075938 -0.000000
vt 0.075938 0.037340
vt 0.007917 0.044666
vt 0.000000 0.076016
vt 0.037340 0.076016
vt 0.924063 -0.000000
vt 0.924063 0.037340
vt 0.007917 0.955334
vt 0.044666 0.955334
vt 0.037340 0.923984
vt 0.000000 0.923984
vt 0.044666 0.992083
vt 0.044666 0.955334
vt 0.075938 0.962660
vt 0.075938 1.000000
vt 0.044666 0.992083
vt 0.074687 1.000000
vt 0.074687 0.962660
vt 0.924063 0.962660
vt 0.924063 1.000000
vt 0.955334 0.992083
vt 0.955334 0.955334
vt 0.925313 0.962660
vt 0.925313 1.000000
vt 0.044666 0.955334
vt 0.044666 0.992083
vt 0.075938 1.000000
vt 0.075938 0.962660
vt 0.992083 0.955334
vt 1.000000 0.923984
vt 0.962660 0.923984
vt 0.924063 1.000000
vt 0.924063 0.962660
vt 0.992083 0.044666
vt 0.955334 0.044666
vt 0.962660 0.076016
vt 1.000000 0.076016
vt 0.044666 0.007917
vt 0.044666 0.044666
vt 0.075938 0.037340
vt 0.075938 -0.000000
vt 0.955334 0.007917
vt 0.925313 -0.000000
vt 0.925313 0.037340
vt 0.924063 0.037340
vt 0.924063 -0.000000
vt 0.044666 0.044666
vt 0.044666 0.007917
vt 0.074687 -0.000000
vt 0.074687 0.037340
vt 0.007917 0.044666
vt 0.037340 0.076016
vt 0.000000 0.076016
vt 0.955335 0.007917
vt 0.955335 0.044666
vt 0.037340 0.923984
vt 0.000000 0.923984
vt 0.044666 0.955334
vt 0.007917 0.955334
vt 0.044666 0.992083
vt 0.074687 0.962660
vt 0.074687 1.000000
vt 0.955335 0.955334
vt 0.955335 0.992083
vt 0.925313 0.962660
vt 0.925313 1.000000
vt 0.955334 0.955334
vt 0.955334 0.992083
vt 0.992083 0.955334
vt 0.962660 0.923984
vt 1.000000 0.923984
vt 0.955335 0.992083
vt 0.955335 0.955334
vt 0.962660 0.076016
vt 1.000000 0.076016
vt 0.955334 0.044666
vt 0.992083 0.044666
vt 0.955334 0.007917
vt 0.925313 0.037340
vt 0.925313 -0.000000
vt 0.955335 0.044666
vt 0.955335 0.007917
vt 0.037340 0.076016
vt 0.037340 0.074687
vt 0.044666 0.044666
vt 0.075938 0.037340
vt 0.037340 0.076016
vt 0.037340 0.074687
vt 0.075938 0.037340
vt 0.044666 0.044666
vt 0.924063 0.037340
vt 0.955335 0.044666
vt 0.962661 0.074687
vt 0.962661 0.076016
vt 0.924063 0.037340
vt 0.962661 0.074687
vt 0.955335 0.044666
vt 0.962661 0.076016
vt 0.037340 0.925313
vt 0.075938 0.962660
vt 0.044666 0.955334
vt 0.037340 0.925313
vt 0.044666 0.955334
vt 0.075938 0.962660
vt 0.924063 0.962660
vt 0.962661 0.925313
vt 0.955335 0.955334
vt 0.962661 0.925313
vt 0.955335 0.955334
vt 0.924063 0.962660
vt 0.037340 0.923984
vt 0.962661 0.923984
vt 0.962661 0.923984
vt 0.037340 0.923984
vt 0.826171 0.172868
vt 0.173830 0.172868
vt 0.173830 0.827132
vt 0.826171 0.827132
vt 0.173830 0.172868
vt 0.826171 0.172868
vt 0.826171 0.827132
vt 0.173830 0.827132
vt 0.841505 0.159562
vt 0.158495 0.159562
vt 0.158495 0.840438
vt 0.841505 0.840438
vt 0.843338 0.156726
vt 0.156663 0.156726
vt 0.156663 0.843274
vt 0.843338 0.843274
vt 0.158495 0.840438
vt 0.158495 0.159562
vt 0.841505 0.159562
vt 0.841505 0.840438
vt 0.156663 0.843274
vt 0.156663 0.156726
vt 0.843338 0.156726
vt 0.843338 0.843274
vt 0.044666 0.007917
vt 0.044666 0.044666
vt 0.074687 0.037340
vt 0.074687 -0.000000
vt 0.044666 0.044666
vt 0.044666 0.007917
vt 0.075938 -0.000000
vt 0.075938 0.037340
vt 0.007917 0.044666
vt 0.000000 0.076016
vt 0.037340 0.076016
vt 0.924063 -0.000000
vt 0.924063 0.037340
vt 0.007917 0.955334
vt 0.044666 0.955334
vt 0.037340 0.923984
vt 0.000000 0.923984
vt 0.044666 0.992083
vt 0.044666 0.955334
vt 0.075938 0.962660
vt 0.075938 1.000000
vt 0.044666 0.992083
vt 0.074687 1.000000
vt 0.074687 0.962660
vt 0.924063 0.962660
vt 0.924063 1.000000
vt 0.955334 0.992083
vt 0.955334 0.955334
vt 0.925313 0.962660
vt 0.925313 1.000000
vt 0.044666 0.955334
vt 0.044666 0.992083
vt 0.075938 1.000000
vt 0.075938 0.962660
vt 0.992083 0.955334
vt 1.000000 0.923984
vt 0.962660 0.923984
vt 0.924063 1.000000
vt 0.924063 0.962660
vt 0.992083 0.044666
vt 0.955334 0.044666
vt 0.962660 0.076016
vt 1.000000 0.076016
vt 0.044666 0.007917
vt 0.044666 0.044666
vt 0.075938 0.037340
vt 0.075938 -0.000000
vt 0.955334 0.007917
vt 0.925313 -0.000000
vt 0.925313 0.037340
vt 0.924063 0.037340
vt 0.924063 -0.000000
vt 0.044666 0.044666
vt 0.044666 0.007917
vt 0.074687 -0.000000
vt 0.074687 0.037340
vt 0.007917 0.044666
vt 0.037340 0.076016
vt 0.000000 0.076016
vt 0.955335 0.007917
vt 0.955335 0.044666
vt 0.037340 0.923984
vt 0.000000 0.923984
vt 0.044666 0.955334
vt 0.007917 0.955334
vt 0.044666 0.992083
vt 0.074687 0.962660
vt 0.074687 1.000000
vt 0.955335 0.955334
vt 0.955335 0.992083
vt 0.925313 0.962660
vt 0.925313 1.000000
vt 0.955334 0.955334
vt 0.955334 0.992083
vt 0.992083 0.955334
vt 0.962660 0.923984
vt 1.000000 0.923984
vt 0.955335 0.992083
vt 0.955335 0.955334
vt 0.962660 0.076016
vt 1.000000 0.076016
vt 0.955334 0.044666
vt 0.992083 0.044666
vt 0.955334 0.007917
vt 0.925313 0.037340
vt 0.925313 -0.000000
vt 0.955335 0.044666
vt 0.955335 0.007917
vt 0.037340 0.076016
vt 0.037340 0.074687
vt 0.044666 0.044666
vt 0.075938 0.037340
vt 0.037340 0.076016
vt 0.037340 0.074687
vt 0.075938 0.037340
vt 0.044666 0.044666
vt 0.924063 0.037340
vt 0.955335 0.044666
vt 0.962661 0.074687
vt 0.962661 0.076016
vt 0.924063 0.037340
vt 0.962661 0.074687
vt 0.955335 0.044666
vt 0.962661 0.076016
vt 0.037340 0.925313
vt 0.075938 0.962660
vt 0.044666 0.955334
vt 0.037340 0.925313
vt 0.044666 0.955334
vt 0.075938 0.962660
vt 0.924063 0.962660
vt 0.962661 0.925313
vt 0.955335 0.955334
vt 0.962661 0.925313
vt 0.955335 0.955334
vt 0.924063 0.962660
vt 0.037340 0.923984
vt 0.962661 0.923984
vt 0.962661 0.923984
vt 0.037340 0.923984
vn 0.000000 -1.000000 0.000000
vn 0.000000 -1.000000 0.000000
vn 0.000000 -1.000000 0.000000
vn 0.000000 -1.000000 0.000000
vn 0.000000 1.000000 0.000000
vn 0.000000 1.000000 0.000000
vn 0.000000 1.000000 0.000000
vn 0.000000 1.000000 0.000000
vn -1.000000 0.000000 0.000000
vn -1.000000 0.000000 0.000000
vn -1.000000 0.000000 0.000000
vn -1.000000 0.000000 0.000000
vn 0.000000 0.000000 -1.000000
vn 0.000000 0.000000 -1.000000
vn 0.000000 0.000000 -1.000000
vn 0.000000 0.000000 -1.000000
vn 1.000000 0.000000 0.000000
vn 1.000000 0.000000 0.000000
vn 1.000000 0.000000 0.000000
vn 1.000000 0.000000 0.000000
vn 0.000000 0.000000 1.000000
vn 0.000000 0.000000 1.000000
vn 0.000000 0.000000 1.000000
vn 0.000000 0.000000 1.000000
vn -0.707108 -0.707106 0.000000
vn -0.707108 -0.707106 0.000000
vn -0.707107 -0.707106 0.000000
vn -0.707107 -0.707106 0.000000
vn 0.000000 -0.707107 0.707107
vn 0.000000 -0.707107 0.707107
vn 0.000000 -0.707107 0.707107
vn 0.000000 -0.707107 0.707107
vn -0.707107 0.000000 0.707107
vn -0.707107 0.000000 0.707107
vn -0.707108 0.000000 0.707106
vn -0.707108 0.000000 0.707106
vn 0.000000 -0.707107 0.707107
vn 0.000000 -0.707107 0.707107
vn 0.000000 -0.707107 0.707107
vn 0.000000 -0.707107 0.707107
vn -0.707108 0.000000 0.707106
vn -0.707108 0.000000 0.707106
vn -0.707108 0.000000 0.707106
vn -0.707108 0.000000 0.707106
vn 0.000000 0.707106 0.707107
vn 0.000000 0.707106 0.707107
vn 0.000000 0.707107 0.707107
vn 0.000000 0.707107 0.707107
vn -0.707108 0.707106 0.000000
vn -0.707108 0.707106 0.000000
vn -0.707107 0.707106 0.000000
vn -0.707107 0.707106 0.000000
vn 0.000000 0.707107 0.707107
vn 0.000000 0.707107 0.707107
vn 0.000000 0.707107 0.707107
vn 0.000000 0.707107 0.707107
vn -0.707108 0.707106 0.000000
vn -0.707108 0.707106 0.000000
vn -0.707107 0.707106 0.000000
vn -0.707107 0.707106 0.000000
vn 0.000000 0.707107 -0.707106
vn 0.000000 0.707107 -0.707106
vn 0.000000 0.707107 -0.707107
vn 0.000000 0.707107 -0.707107
vn -0.707108 0.000000 -0.707106
vn -0.707108 0.000000 -0.707106
vn -0.707107 0.000000 -0.707106
vn -0.707107 0.000000 -0.707106
vn 0.000000 0.707107 -0.707107
vn 0.000000 0.707107 -0.707107
vn 0.000000 0.707107 -0.707107
vn 0.000000 0.707107 -0.707107
vn -0.707107 0.000000 -0.707107
vn -0.707107 0.000000 -0.707107
vn -0.707107 0.000000 -0.707106
vn -0.707107 0.000000 -0.707106
vn 0.000000 -0.707108 -0.707106
vn 0.000000 -0.707108 -0.707106
vn 0.000000 -0.707106 -0.707107
vn 0.000000 -0.707106 -0.707107
vn -0.707108 -0.707106 0.000000
vn -0.707108 -0.707106 0.000000
vn -0.707107 -0.707106 0.000000
vn -0.707107 -0.707106 0.000000
vn 0.000000 -0.707106 -0.707107
vn 0.000000 -0.707106 -0.707107
vn 0.000000 -0.707106 -0.707107
vn 0.000000 -0.707106 -0.707107
vn -0.707108 0.000000 0.707106
vn -0.707108 0.000000 0.707106
vn -0.707108 0.000000 0.707106
vn -0.707108 0.000000 0.707106
vn 0.707107 -0.707106 0.000000
vn 0.707107 -0.707106 0.000000
vn 0.707107 -0.707106 0.000000
vn 0.707107 -0.707106 0.000000
vn 0.707107 0.000000 0.707107
vn 0.707107 0.000000 0.707107
vn 0.707108 0.000000 0.707106
vn 0.707108 0.000000 0.707106
vn 0.000000 -0.707107 0.707106
vn 0.000000 -0.707107 0.707106
vn 0.000000 -0.707107 0.707107
vn 0.000000 -0.707107 0.707107
vn 0.707108 0.000000 0.707106
vn 0.707108 0.000000 0.707106
vn 0.707108 0.000000 0.707106
vn 0.707108 0.000000 0.707106
vn -0.707107 0.707106 0.000000
vn -0.707107 0.707106 0.000000
vn -0.707107 0.707106 0.000000
vn -0.707107 0.707106 0.000000
vn 0.707108 0.000000 0.707106
vn 0.707108 0.000000 0.707106
vn 0.707108 0.000000 0.707106
vn 0.707108 0.000000 0.707106
vn 0.707107 0.707106 0.000000
vn 0.707107 0.707106 0.000000
vn 0.707107 0.707106 0.000000
vn 0.707107 0.707106 0.000000
vn 0.000000 0.707107 0.707107
vn 0.000000 0.707107 0.707107
vn 0.000000 0.707107 0.707107
vn 0.000000 0.707107 0.707107
vn 0.707107 0.707106 0.000000
vn 0.707107 0.707106 0.000000
vn 0.707107 0.707106 0.000000
vn 0.707107 0.707106 0.000000
vn -0.707107 0.000000 -0.707106
vn -0.707107 0.000000 -0.707106
vn -0.707107 0.000000 -0.707106
vn -0.707107 0.000000 -0.707106
vn 0.707108 0.707106 0.000000
vn 0.707108 0.707106 0.000000
vn 0.707107 0.707106 0.000000
vn 0.707107 0.707106 0.000000
vn 0.707108 0.000000 -0.707106
vn 0.707108 0.000000 -0.707106
vn 0.707107 0.000000 -0.707106
vn 0.707107 0.000000 -0.707106
vn 0.000000 0.707107 -0.707107
vn 0.000000 0.707107 -0.707107
vn 0.000000 0.707107 -0.707107
vn 0.000000 0.707107 -0.707107
vn 0.707107 0.000000 -0.707106
vn 0.707107 0.000000 -0.707106
vn 0.707107 0.000000 -0.707106
vn 0.707107 0.000000 -0.707106
vn -0.707107 -0.707106 0.000000
vn -0.707107 -0.707106 0.000000
vn -0.707107 -0.707106 0.000000
vn -0.707107 -0.707106 0.000000
vn 0.707107 0.000000 -0.707107
vn 0.707107 0.000000 -0.707107
vn 0.707107 0.000000 -0.707106
vn 0.707107 0.000000 -0.707106
vn 0.707108 -0.707106 0.000000
vn 0.707108 -0.707106 0.000000
vn 0.707107 -0.707106 0.000000
vn 0.707107 -0.707106 0.000000
vn 0.000000 -0.707107 -0.707106
vn 0.000000 -0.707107 -0.707106
vn 0.000000 -0.707106 -0.707107
vn 0.000000 -0.707106 -0.707107
vn 0.707107 -0.707106 0.000000
vn 0.707107 -0.707106 0.000000
vn 0.707107 -0.707106 0.000000
vn 0.707107 -0.707106 0.000000
vn 0.000000 0.000000 1.000000
vn 0.000000 0.000000 1.000000
vn 0.000000 0.000000 1.000000
vn 0.000000 0.000000 1.000000
vn 0.000000 1.000000 0.000000
vn 0.000000 1.000000 0.000000
vn 0.000000 1.000000 0.000000
vn 0.000000 1.000000 0.000000
vn 0.000000 0.000000 -1.000000
vn 0.000000 0.000000 -1.000000
vn 0.000000 0.000000 -1.000000
vn 0.000000 0.000000 -1.000000
vn 0.000000 -1.000000 0.000000
vn 0.000000 -1.000000 0.000000
vn 0.000000 -1.000000 0.000000
vn 0.000000 -1.000000 0.000000
vn 1.000000 0.000000 0.000000
vn 1.000000 0.000000 0.000000
vn 1.000000 0.000000 0.000000
vn 1.000000 0.000000 0.000000
vn -1.000000 0.000000 0.000000
vn -1.000000 0.000000 0.000000
vn -1.000000 0.000000 0.000000
vn -1.000000 0.000000 0.000000
vn 0.000000 1.000000 0.000000
vn 0.000000 1.000000 0.000000
vn 0.000000 1.000000 0.000000
vn 0.000000 1.000000 0.000000
vn 0.000000 0.000000 -1.000000
vn 0.000000 0.000000 -1.000000
vn 0.000000 0.000000 -1.000000
vn 0.000000 0.000000 -1.000000
vn 0.000000 -1.000000 0.000000
vn 0.000000 -1.000000 0.000000
vn 0.000000 -1.000000 0.000000
vn 0.000000 -1.000000 0.000000
vn 0.000000 0.000000 1.000000
vn 0.000000 0.000000 1.000000
vn 0.000000 0.000000 1.000000
vn 0.000000 0.000000 1.000000
vn 0.000000 1.000000 0.000000
vn 0.000000 1.000000 0.000000
vn 0.000000 1.000000 0.000000
vn 0.000000 1.000000 0.000000
vn 0.000000 0.000000 -1.000000
vn 0.000000 0.000000 -1.000000
vn 0.000000 0.000000 -1.000000
vn 0.000000 0.000000 -1.000000
vn 0.000000 -1.000000 0.000000
vn 0.000000 -1.000000 0.000000
vn 0.000000 -1.000000 0.000000
vn 0.000000 -1.000000 0.000000
vn 0.000000 0.000000 1.000000
vn 0.000000 0.000000 1.000000
vn 0.000000 0.000000 1.000000
vn 0.000000 0.000000 1.000000
vn 0.000000 1.000000 0.000000
vn 0.000000 1.000000 0.000000
vn 0.000000 1.000000 0.000000
vn 0.000000 1.000000 0.000000
vn -1.000000 0.000000 0.000000
vn -1.000000 0.000000 0.000000
vn -1.000000 0.000000 0.000000
vn -1.000000 0.000000 0.000000
vn 0.000000 -1.000000 0.000000
vn 0.000000 -1.000000 0.000000
vn 0.000000 -1.000000 0.000000
vn 0.000000 -1.000000 0.000000
vn 0.000000 -1.000000 0.000000
vn 0.000000 -1.000000 0.000000
vn 0.000000 -1.000000 0.000000
vn 0.000000 -1.000000 0.000000
vn 0.000000 -1.000000 0.000000
vn 0.000000 -1.000000 0.000000
vn 0.000000 -1.000000 0.000000
vn 0.000000 -1.000000 0.000000
vn 1.000000 0.000000 0.000000
vn 1.000000 0.000000 0.000000
vn 1.000000 0.000000 0.000000
vn 1.000000 0.000000 0.000000
vn 0.000000 1.000000 0.000000
vn 0.000000 1.000000 0.000000
vn 0.000000 1.000000 0.000000
vn 0.000000 1.000000 0.000000
vn 0.000000 1.000000 0.000000
vn 0.000000 1.000000 0.000000
vn 0.000000 1.000000 0.000000
vn 0.000000 1.000000 0.000000
vn 0.000000 1.000000 0.000000
vn 0.000000 1.000000 0.000000
vn 0.000000 1.000000 0.000000
vn 0.000000 1.000000 0.000000
vn -1.000000 0.000000 0.000000
vn -1.000000 0.000000 0.000000
vn -1.000000 0.000000 0.000000
vn -1.000000 0.000000 0.000000
vn 0.000000 -1.000000 0.000000
vn 0.000000 -1.000000 0.000000
vn 0.000000 -1.000000 0.000000
vn 0.000000 -1.000000 0.000000
vn 0.000000 -1.000000 0.000000
vn 0.000000 -1.000000 0.000000
vn 0.000000 -1.000000 0.000000
vn 0.000000 -1.000000 0.000000
vn 1.000000 0.000000 0.000000
vn 1.000000 0.000000 0.000000
vn 1.000000 0.000000 0.000000
vn 1.000000 0.000000 0.000000
vn 0.000000 1.000000 0.000000
vn 0.000000 1.000000 0.000000
vn 0.000000 1.000000 0.000000
vn 0.000000 1.000000 0.000000
vn -1.000000 0.000000 0.000000
vn -1.000000 0.000000 0.000000
vn -1.000000 0.000000 0.000000
vn -1.000000 0.000000 0.000000
vn -1.000000 0.000000 0.000000
vn -1.000000 0.000000 0.000000
vn -1.000000 0.000000 0.000000
vn -1.000000 0.000000 0.000000
vn -1.000000 0.000000 0.000000
vn -1.000000 0.000000 0.000000
vn -1.000000 0.000000 0.000000
vn -1.000000 0.000000 0.000000
vn 0.000000 0.000000 -1.000000
vn 0.000000 0.000000 -1.000000
vn 0.000000 0.000000 -1.000000
vn 0.000000 0.000000 -1.000000
vn 0.000000 0.000000 -1.000000
vn 0.000000 0.000000 -1.000000
vn 0.000000 0.000000 -1.000000
vn 0.000000 0.000000 -1.000000
vn 0.000000 0.000000 -1.000000
vn 0.000000 0.000000 -1.000000
vn 0.000000 0.000000 -1.000000
vn 0.000000 0.000000 -1.000000
vn 1.000000 0.000000 0.000000
vn 1.000000 0.000000 0.000000
vn 1.000000 0.000000 0.000000
vn 1.000000 0.000000 0.000000
vn 1.000000 0.000000 0.000000
vn 1.000000 0.000000 0.000000
vn 1.000000 0.000000 0.000000
vn 1.000000 0.000000 0.000000
vn 1.000000 0.000000 0.000000
vn 1.000000 0.000000 0.000000
vn 1.000000 0.000000 0.000000
vn 1.000000 0.000000 0.000000
vn 0.000000 0.000000 1.000000
vn 0.000000 0.000000 1.000000
vn 0.000000 0.000000 1.000000
vn 0.000000 0.000000 1.000000
vn 0.000000 0.000000 1.000000
vn 0.000000 0.000000 1.000000
vn 0.000000 0.000000 1.000000
vn 0.000000 0.000000 1.000000
vn 0.000000 0.000000 1.000000
vn 0.000000 0.000000 1.000000
vn 0.000000 0.000000 1.000000
vn 0.000000 0.000000 1.000000
vn -1.000000 0.000000 0.000000
vn -1.000000 0.000000 0.000000
vn -1.000000 0.000000 0.000000
vn -1.000000 0.000000 0.000000
vn -1.000000 0.000000 0.000000
vn -1.000000 0.000000 0.000000
vn -1.000000 0.000000 0.000000
vn -1.000000 0.000000 0.000000
vn 0.000000 0.000000 -1.000000
vn 0.000000 0.000000 -1.000000
vn 0.000000 0.000000 -1.000000
vn 0.000000 0.000000 -1.000000
vn 0.000000 0.000000 -1.000000
vn 0.000000 0.000000 -1.000000
vn 0.000000 0.000000 -1.000000
vn 0.000000 0.000000 -1.000000
vn 1.000000 0.000000 0.000000
vn 1.000000 0.000000 0.000000
vn 1.000000 0.000000 0.000000
vn 1.000000 0.000000 0.000000
vn 1.000000 0.000000 0.000000
vn 1.000000 0.000000 0.000000
vn 1.000000 0.000000 0.000000
vn 1.000000 0.000000 0.000000
vn 0.000000 0.000000 1.000000
vn 0.000000 0.000000 1.000000
vn 0.000000 0.000000 1.000000
vn 0.000000 0.000000 1.000000
vn 0.000000 0.000000 1.000000
vn 0.000000 0.000000 1.000000
vn 0.000000 0.000000 1.000000
vn 0.000000 0.000000 1.000000
vn -0.577350 -0.577350 0.577350
vn -0.577350 -0.577350 0.577350
vn -0.577350 -0.577350 0.577350
vn -0.577351 0.577351 0.577350
vn -0.577351 0.577350 0.577350
vn -0.577351 0.577351 0.577350
vn -0.577352 0.577349 -0.577351
vn -0.577352 0.577349 -0.577351
vn -0.577352 0.577349 -0.577351
vn -0.577351 -0.577348 -0.577351
vn -0.577351 -0.577348 -0.577351
vn -0.577351 -0.577348 -0.577351
vn 0.577351 -0.577350 0.577350
vn 0.577351 -0.577350 0.577350
vn 0.577351 -0.577350 0.577350
vn 0.577351 0.577350 0.577350
vn 0.577351 0.577350 0.577350
vn 0.577351 0.577350 0.577350
vn 0.577351 0.577350 -0.577350
vn 0.577351 0.577350 -0.577350
vn 0.577351 0.577350 -0.577350
vn 0.577351 -0.577350 -0.577351
vn 0.577351 -0.577350 -0.577351
vn 0.577351 -0.577350 -0.577351
vn 0.000000 -1.000000 0.000000
vn 0.000000 -1.000000 0.000000
vn 0.000000 -1.000000 0.000000
vn 0.000000 -1.000000 0.000000
vn 0.000000 1.000000 0.000000
vn 0.000000 1.000000 0.000000
vn 0.000000 1.000000 0.000000
vn 0.000000 1.000000 0.000000
vn -1.000000 0.000000 0.000000
vn -1.000000 0.000000 0.000000
vn -1.000000 0.000000 0.000000
vn -1.000000 0.000000 0.000000
vn 0.000000 0.000000 -1.000000
vn 0.000000 0.000000 -1.000000
vn 0.000000 0.000000 -1.000000
vn 0.000000 0.000000 -1.000000
vn 1.000000 0.000000 0.000000
vn 1.000000 0.000000 0.000000
vn 1.000000 0.000000 0.000000
vn 1.000000 0.000000 0.000000
vn 0.000000 0.000000 1.000000
vn 0.000000 0.000000 1.000000
vn 0.000000 0.000000 1.000000
vn 0.000000 0.000000 1.000000
vn -0.707108 -0.707106 0.000000
vn -0.707108 -0.707106 0.000000
vn -0.707107 -0.707106 0.000000
vn -0.707107 -0.707106 0.000000
vn 0.000000 -0.707107 0.707107
vn 0.000000 -0.707107 0.707107
vn 0.000000 -0.707107 0.707107
vn 0.000000 -0.707107 0.707107
vn -0.707107 0.000000 0.707107
vn -0.707107 0.000000 0.707107
vn -0.707108 0.000000 0.707106
vn -0.707108 0.000000 0.707106
vn 0.000000 -0.707107 0.707107
vn 0.000000 -0.707107 0.707107
vn 0.000000 -0.707107 0.707107
vn 0.000000 -0.707107 0.707107
vn -0.707108 0.000000 0.707106
vn -0.707108 0.000000 0.707106
vn -0.707108 0.000000 0.707106
vn -0.707108 0.000000 0.707106
vn 0.000000 0.707106 0.707107
vn 0.000000 0.707106 0.707107
vn 0.000000 0.707107 0.707107
vn 0.000000 0.707107 0.707107
vn -0.707108 0.707106 0.000000
vn -0.707108 0.707106 0.000000
vn -0.707107 0.707106 0.000000
vn -0.707107 0.707106 0.000000
vn 0.000000 0.707107 0.707107
vn 0.000000 0.707107 0.707107
vn 0.000000 0.707107 0.707107
vn 0.000000 0.707107 0.707107
vn -0.707108 0.707106 0.000000
vn -0.707108 0.707106 0.000000
vn -0.707107 0.707106 0.000000
vn -0.707107 0.707106 0.000000
vn 0.000000 0.707107 -0.707106
vn 0.000000 0.707107 -0.707106
vn 0.000000 0.707107 -0.707107
vn 0.000000 0.707107 -0.707107
vn -0.707108 0.000000 -0.707106
vn -0.707108 0.000000 -0.707106
vn -0.707107 0.000000 -0.707106
vn -0.707107 0.000000 -0.707106
vn 0.000000 0.707107 -0.707107
vn 0.000000 0.707107 -0.707107
vn 0.000000 0.707107 -0.707107
vn 0.000000 0.707107 -0.707107
vn -0.707107 0.000000 -0.707107
vn -0.707107 0.000000 -0.707107
vn -0.707107 0.000000 -0.707106
vn -0.707107 0.000000 -0.707106
vn 0.000000 -0.707108 -0.707106
vn 0.000000 -0.707108 -0.707106
vn 0.000000 -0.707106 -0.707107
vn 0.000000 -0.707106 -0.707107
vn -0.707108 -0.707106 0.000000
vn -0.707108 -0.707106 0.000000
vn -0.707107 -0.707106 0.000000
vn -0.707107 -0.707106 0.000000
vn 0.000000 -0.707106 -0.707107
vn 0.000000 -0.707106 -0.707107
vn 0.000000 -0.707106 -0.707107
vn 0.000000 -0.707106 -0.707107
vn -0.707108 0.000000 0.707106
vn -0.707108 0.000000 0.707106
vn -0.707108 0.000000 0.707106
vn -0.707108 0.000000 0.707106
vn 0.707107 -0.707106 0.000000
vn 0.707107 -0.707106 0.000000
vn 0.707107 -0.707106 0.000000
vn 0.707107 -0.707106 0.000000
vn 0.707107 0.000000 0.707107
vn 0.707107 0.000000 0.707107
vn 0.707108 0.000000 0.707106
vn 0.707108 0.000000 0.707106
vn 0.000000 -0.707107 0.707106
vn 0.000000 -0.707107 0.707106
vn 0.000000 -0.707107 0.707107
vn 0.000000 -0.707107 0.707107
vn 0.707108 0.000000 0.707106
vn 0.707108 0.000000 0.707106
vn 0.707108 0.000000 0.707106
vn 0.707108 0.000000 0.707106
vn -0.707107 0.707106 0.000000
vn -0.707107 0.707106 0.000000
vn -0.707107 0.707106 0.000000
vn -0.707107 0.707106 0.000000
vn 0.707108 0.000000 0.707106
vn 0.707108 0.000000 0.707106
vn 0.707108 0.000000 0.707106
vn 0.707108 0.000000 0.707106
vn 0.707107 0.707106 0.000000
vn 0.707107 0.707106 0.000000
vn 0.707107 0.707106 0.000000
vn 0.707107 0.707106 0.000000
vn 0.000000 0.707107 0.707107
vn 0.000000 0.707107 0.707107
vn 0.000000 0.707107 0.707107
vn 0.000000 0.707107 0.707107
vn 0.707107 0.707106 0.000000
vn 0.707107 0.707106 0.000000
vn 0.707107 0.707106 0.000000
vn 0.707107 0.707106 0.000000
vn -0.707107 0.000000 -0.707106
vn -0.707107 0.000000 -0.707106
vn -0.707107 0.000000 -0.707106
vn -0.707107 0.000000 -0.707106
vn 0.707108 0.707106 0.000000
vn 0.707108 0.707106 0.000000
vn 0.707107 0.707106 0.000000
vn 0.707107 0.707106 0.000000
vn 0.707108 0.000000 -0.707106
vn 0.707108 0.000000 -0.707106
vn 0.707107 0.000000 -0.707106
vn 0.707107 0.000000 -0.707106
vn 0.000000 0.707107 -0.707107
vn 0.000000 0.707107 -0.707107
vn 0.000000 0.707107 -0.707107
vn 0.000000 0.707107 -0.707107
vn 0.707107 0.000000 -0.707106
vn 0.707107 0.000000 -0.707106
vn 0.707107 0.000000 -0.707106
vn 0.707107 0.000000 -0.707106
vn -0.707107 -0.707106 0.000000
vn -0.707107 -0.707106 0.000000
vn -0.707107 -0.707106 0.000000
vn -0.707107 -0.707106 0.000000
vn 0.707107 0.000000 -0.707107
vn 0.707107 0.000000 -0.707107
vn 0.707107 0.000000 -0.707106
vn 0.707107 0.000000 -0.707106
vn 0.707108 -0.707106 0.000000
vn 0.707108 -0.707106 0.000000
vn 0.707107 -0.707106 0.000000
vn 0.707107 -0.707106 0.000000
vn 0.000000 -0.707107 -0.707106
vn 0.000000 -0.707107 -0.707106
vn 0.000000 -0.707106 -0.707107
vn 0.000000 -0.707106 -0.707107
vn 0.707107 -0.707106 0.000000
vn 0.707107 -0.707106 0.000000
vn 0.707107 -0.707106 0.000000
vn 0.707107 -0.707106 0.000000
vn 0.000000 0.000000 1.000000
vn 0.000000 0.000000 1.000000
vn 0.000000 0.000000 1.000000
vn 0.000000 0.000000 1.000000
vn 0.000000 1.000000 0.000000
vn 0.000000 1.000000 0.000000
vn 0.000000 1.000000 0.000000
vn 0.000000 1.000000 0.000000
vn 0.000000 0.000000 -1.000000
vn 0.000000 0.000000 -1.000000
vn 0.000000 0.000000 -1.000000
vn 0.000000 0.000000 -1.000000
vn 0.000000 -1.000000 0.000000
vn 0.000000 -1.000000 0.000000
vn 0.000000 -1.000000 0.000000
vn 0.000000 -1.000000 0.000000
vn 1.000000 0.000000 0.000000
vn 1.000000 0.000000 0.000000
vn 1.000000 0.000000 0.000000
vn 1.000000 0.000000 0.000000
vn -1.000000 0.000000 0.000000
vn -1.000000 0.000000 0.000000
vn -1.000000 0.000000 0.000000
vn -1.000000 0.000000 0.000000
vn 0.000000 1.000000 0.000000
vn 0.000000 1.000000 0.000000
vn 0.000000 1.000000 0.000000
vn 0.000000 1.000000 0.000000
vn 0.000000 0.000000 -1.000000
vn 0.000000 0.000000 -1.000000
vn 0.000000 0.000000 -1.000000
vn 0.000000 0.000000 -1.000000
vn 0.000000 -1.000000 0.000000
vn 0.000000 -1.000000 0.000000
vn 0.000000 -1.000000 0.000000
vn 0.000000 -1.000000 0.000000
vn 0.000000 0.000000 1.000000
vn 0.000000 0.000000 1.000000
vn 0.000000 0.000000 1.000000
vn 0.000000 0.000000 1.000000
vn 0.000000 1.000000 0.000000
vn 0.000000 1.000000 0.000000
vn 0.000000 1.000000 0.000000
vn 0.000000 1.000000 0.000000
vn 0.000000 0.000000 -1.000000
vn 0.000000 0.000000 -1.000000
vn 0.000000 0.000000 -1.000000
vn 0.000000 0.000000 -1.000000
vn 0.000000 -1.000000 0.000000
vn 0.000000 -1.000000 0.000000
vn 0.000000 -1.000000 0.000000
vn 0.000000 -1.000000 0.000000
vn 0.000000 0.000000 1.000000
vn 0.000000 0.000000 1.000000
vn 0.000000 0.000000 1.000000
vn 0.000000 0.000000 1.000000
vn 0.000000 1.000000 0.000000
vn 0.000000 1.000000 0.000000
vn 0.000000 1.000000 0.000000
vn 0.000000 1.000000 0.000000
vn -1.000000 0.000000 0.000000
vn -1.000000 0.000000 0.000000
vn -1.000000 0.000000 0.000000
vn -1.000000 0.000000 0.000000
vn 0.000000 -1.000000 0.000000
vn 0.000000 -1.000000 0.000000
vn 0.000000 -1.000000 0.000000
vn 0.000000 -1.000000 0.000000
vn 0.000000 -1.000000 0.000000
vn 0.000000 -1.000000 0.000000
vn 0.000000 -1.000000 0.000000
vn 0.000000 -1.000000 0.000000
vn 0.000000 -1.000000 0.000000
vn 0.000000 -1.000000 0.000000
vn 0.000000 -1.000000 0.000000
vn 0.000000 -1.000000 0.000000
vn 1.000000 0.000000 0.000000
vn 1.000000 0.000000 0.000000
vn 1.000000 0.000000 0.000000
vn 1.000000 0.000000 0.000000
vn 0.000000 1.000000 0.000000
vn 0.000000 1.000000 0.000000
vn 0.000000 1.000000 0.000000
vn 0.000000 1.000000 0.000000
vn 0.000000 1.000000 0.000000
vn 0.000000 1.000000 0.000000
vn 0.000000 1.000000 0.000000
vn 0.000000 1.000000 0.000000
vn 0.000000 1.000000 0.000000
vn 0.000000 1.000000 0.000000
vn 0.000000 1.000000 0.000000
vn 0.000000 1.000000 0.000000
vn -1.000000 0.000000 0.000000
vn -1.000000 0.000000 0.000000
vn -1.000000 0.000000 0.000000
vn -1.000000 0.000000 0.000000
vn 0.000000 -1.000000 0.000000
vn 0.000000 -1.000000 0.000000
vn 0.000000 -1.000000 0.000000
vn 0.000000 -1.000000 0.000000
vn 0.000000 -1.000000 0.000000
vn 0.000000 -1.000000 0.000000
vn 0.000000 -1.000000 0.000000
vn 0.000000 -1.000000 0.000000
vn 1.000000 0.000000 0.000000
vn 1.000000 0.000000 0.000000
vn 1.000000 0.000000 0.000000
vn 1.000000 0.000000 0.000000
vn 0.000000 1.000000 0.000000
vn 0.000000 1.000000 0.000000
vn 0.000000 1.000000 0.000000
vn 0.000000 1.000000 0.000000
vn -1.000000 0.000000 0.000000
vn -1.000000 0.000000 0.000000
vn -1.000000 0.000000 0.000000
vn -1.000000 0.000000 0.000000
vn -1.000000 0.000000 0.000000
vn -1.000000 0.000000 0.000000
vn -1.000000 0.000000 0.000000
vn -1.000000 0.000000 0.000000
vn -1.000000 0.000000 0.000000
vn -1.000000 0.000000 0.000000
vn -1.000000 0.000000 0.000000
vn -1.000000 0.000000 0.000000
vn 0.000000 0.000000 -1.000000
vn 0.000000 0.000000 -1.000000
vn 0.000000 0.000000 -1.000000
vn 0.000000 0.000000 -1.000000
vn 0.000000 0.000000 -1.000000
vn 0.000000 0.000000 -1.000000
vn 0.000000 0.000000 -1.000000
vn 0.000000 0.000000 -1.000000
vn 0.000000 0.000000 -1.000000
vn 0.000000 0.000000 -1.000000
vn 0.000000 0.000000 -1.000000
vn 0.000000 0.000000 -1.000000
vn 1.000000 0.000000 0.000000
vn 1.000000 0.000000 0.000000
vn 1.000000 0.000000 0.000000
vn 1.000000 0.000000 0.000000
vn 1.000000 0.000000 0.000000
vn 1.000000 0.000000 0.000000
vn 1.000000 0.000000 0.000000
vn 1.000000 0.000000 0.000000
vn 1.000000 0.000000 0.000000
vn 1.000000 0.000000 0.000000
vn 1.000000 0.000000 0.000000
vn 1.000000 0.000000 0.000000
vn 0.000000 0.000000 1.000000
vn 0.000000 0.000000 1.000000
vn 0.000000 0.000000 1.000000
vn 0.000000 0.000000 1.000000
vn 0.000000 0.000000 1.000000
vn 0.000000 0.000000 1.000000
vn 0.000000 0.000000 1.000000
vn 0.000000 0.000000 1.000000
vn 0.000000 0.000000 1.000000
vn 0.000000 0.000000 1.000000
vn 0.000000 0.000000 1.000000
vn 0.000000 0.000000 1.000000
vn -1.000000 0.000000 0.000000
vn -1.000000 0.000000 0.000000
vn -1.000000 0.000000 0.000000
vn -1.000000 0.000000 0.000000
vn -1.000000 0.000000 0.000000
vn -1.000000 0.000000 0.000000
vn -1.000000 0.000000 0.000000
vn -1.000000 0.000000 0.000000
vn 0.000000 0.000000 -1.000000
vn 0.000000 0.000000 -1.000000
vn 0.000000 0.000000 -1.000000
vn 0.000000 0.000000 -1.000000
vn 0.000000 0.000000 -1.000000
vn 0.000000 0.000000 -1.000000
vn 0.000000 0.000000 -1.000000
vn 0.000000 0.000000 -1.000000
vn 1.000000 0.000000 0.000000
vn 1.000000 0.000000 0.000000
vn 1.000000 0.000000 0.000000
vn 1.000000 0.000000 0.000000
vn 1.000000 0.000000 0.000000
vn 1.000000 0.000000 0.000000
vn 1.000000 0.000000 0.000000
vn 1.000000 0.000000 0.000000
vn 0.000000 0.000000 1.000000
vn 0.000000 0.000000 1.000000
vn 0.000000 0.000000 1.000000
vn 0.000000 0.000000 1.000000
vn 0.000000 0.000000 1.000000
vn 0.000000 0.000000 1.000000
vn 0.000000 0.000000 1.000000
vn 0.000000 0.000000 1.000000
vn -0.577350 -0.577350 0.577350
vn -0.577350 -0.577350 0.577350
vn -0.577350 -0.577350 0.577350
vn -0.577351 0.577351 0.577350
vn -0.577351 0.577350 0.577350
vn -0.577351 0.577351 0.577350
vn -0.577352 0.577349 -0.577351
vn -0.577352 0.577349 -0.577351
vn -0.577352 0.577349 -0.577351
vn -0.577351 -0.577348 -0.577351
vn -0.577351 -0.577348 -0.577351
vn -0.577351 -0.577348 -0.577351
vn 0.577351 -0.577350 0.577350
vn 0.577351 -0.577350 0.577350
vn 0.577351 -0.577350 0.577350
vn 0.577351 0.577350 0.577350
vn 0.577351 0.577350 0.577350
vn 0.577351 0.577350 0.577350
vn 0.577351 0.577350 -0.577350
vn 0.577351 0.577350 -0.577350
vn 0.577351 0.577350 -0.577350
vn 0.577351 -0.577350 -0.577351
vn 0.577351 -0.577350 -0.577351
vn 0.577351 -0.577350 -0.577351
vn 0.000000 -1.000000 0.000000
vn 0.000000 -1.000000 0.000000
vn 0.000000 -1.000000 0.000000
vn 0.000000 -1.000000 0.000000
vn 0.000000 1.000000 0.000000
vn 0.000000 1.000000 0.000000
vn 0.000000 1.000000 0.000000
vn 0.000000 1.000000 0.000000
vn -1.000000 0.000000 0.000000
vn -1.000000 0.000000 0.000000
vn -1.000000 0.000000 0.000000
vn -1.000000 0.000000 0.000000
vn 0.000000 0.000000 -1.000000
vn 0.000000 0.000000 -1.000000
vn 0.000000 0.000000 -1.000000
vn 0.000000 0.000000 -1.000000
vn 1.000000 0.000000 0.000000
vn 1.000000 0.000000 0.000000
vn 1.000000 0.000000 0.000000
vn 1.000000 0.000000 0.000000
vn 0.000000 0.000000 1.000000
vn 0.000000 0.000000 1.000000
vn 0.000000 0.000000 1.000000
vn 0.000000 0.000000 1.000000
vn -0.707108 -0.707106 0.000000
vn -0.707108 -0.707106 0.000000
vn -0.707107 -0.707106 0.000000
vn -0.707107 -0.707106 0.000000
vn 0.000000 -0.707107 0.707107
vn 0.000000 -0.707107 0.707107
vn 0.000000 -0.707107 0.707107
vn 0.000000 -0.707107 0.707107
vn -0.707107 0.000000 0.707107
vn -0.707107 0.000000 0.707107
vn -0.707108 0.000000 0.707106
vn -0.707108 0.000000 0.707106
vn 0.000000 -0.707107 0.707107
vn 0.000000 -0.707107 0.707107
vn 0.000000 -0.707107 0.707107
vn 0.000000 -0.707107 0.707107
vn -0.707108 0.000000 0.707106
vn -0.707108 0.000000 0.707106
vn -0.707108 0.000000 0.707106
vn -0.707108 0.000000 0.707106
vn 0.000000 0.707106 0.707107
vn 0.000000 0.707106 0.707107
vn 0.000000 0.707107 0.707107
vn 0.000000 0.707107 0.707107
vn -0.707108 0.707106 0.000000
vn -0.707108 0.707106 0.000000
vn -0.707107 0.707106 0.000000
vn -0.707107 0.707106 0.000000
vn 0.000000 0.707107 0.707107
vn 0.000000 0.707107 0.707107
vn 0.000000 0.707107 0.707107
vn 0.000000 0.707107 0.707107
vn -0.707108 0.707106 0.000000
vn -0.707108 0.707106 0.000000
vn -0.707107 0.707106 0.000000
vn -0.707107 0.707106 0.000000
vn 0.000000 0.707107 -0.707106
vn 0.000000 0.707107 -0.707106
vn 0.000000 0.707107 -0.707107
vn 0.000000 0.707107 -0.707107
vn -0.707108 0.000000 -0.707106
vn -0.707108 0.000000 -0.707106
vn -0.707107 0.000000 -0.707106
vn -0.707107 0.000000 -0.707106
vn 0.000000 0.707107 -0.707107
vn 0.000000 0.707107 -0.707107
vn 0.000000 0.707107 -0.707107
vn 0.000000 0.707107 -0.707107
vn -0.707107 0.000000 -0.707107
vn -0.707107 0.000000 -0.707107
vn -0.707107 0.000000 -0.707106
vn -0.707107 0.000000 -0.707106
vn 0.000000 -0.707108 -0.707106
vn 0.000000 -0.707108 -0.707106
vn 0.000000 -0.707106 -0.707107
vn 0.000000 -0.707106 -0.707107
vn -0.707108 -0.707106 0.000000
vn -0.707108 -0.707106 0.000000
vn -0.707107 -0.707106 0.000000
vn -0.707107 -0.707106 0.000000
vn 0.000000 -0.707106 -0.707107
vn 0.000000 -0.707106 -0.707107
vn 0.000000 -0.707106 -0.707107
vn 0.000000 -0.707106 -0.707107
vn -0.707108 0.000000 0.707106
vn -0.707108 0.000000 0.707106
vn -0.707108 0.000000 0.707106
vn -0.707108 0.000000 0.707106
vn 0.707107 -0.707106 0.000000
vn 0.707107 -0.707106 0.000000
vn 0.707107 -0.707106 0.000000
vn 0.707107 -0.707106 0.000000
vn 0.707107 0.000000 0.707107
vn 0.707107 0.000000 0.707107
vn 0.707108 0.000000 0.707106
vn 0.707108 0.000000 0.707106
vn 0.000000 -0.707107 0.707106
vn 0.000000 -0.707107 0.707106
vn 0.000000 -0.707107 0.707107
vn 0.000000 -0.707107 0.707107
vn 0.707108 0.000000 0.707106
vn 0.707108 0.000000 0.707106
vn 0.707108 0.000000 0.707106
vn 0.707108 0.000000 0.707106
vn -0.707107 0.707106 0.000000
vn -0.707107 0.707106 0.000000
vn -0.707107 0.707106 0.000000
vn -0.707107 0.707106 0.000000
vn 0.707108 0.000000 0.707106
vn 0.707108 0.000000 0.707106
vn 0.707108 0.000000 0.707106
vn 0.707108 0.000000 0.707106
vn 0.707107 0.707106 0.000000
vn 0.707107 0.707106 0.000000
vn 0.707107 0.707106 0.000000
vn 0.707107 0.707106 0.000000
vn 0.000000 0.707107 0.707107
vn 0.000000 0.707107 0.707107
vn 0.000000 0.707107 0.707107
vn 0.000000 0.707107 0.707107
vn 0.707107 0.707106 0.000000
vn 0.707107 0.707106 0.000000
vn 0.707107 0.707106 0.000000
vn 0.707107 0.707106 0.000000
vn -0.707107 0.000000 -0.707106
vn -0.707107 0.000000 -0.707106
vn -0.707107 0.000000 -0.707106
vn -0.707107 0.000000 -0.707106
vn 0.707108 0.707106 0.000000
vn 0.707108 0.707106 0.000000
vn 0.707107 0.707106 0.000000
vn 0.707107 0.707106 0.000000
vn 0.707108 0.000000 -0.707106
vn 0.707108 0.000000 -0.707106
vn 0.707107 0.000000 -0.707106
vn 0.707107 0.000000 -0.707106
vn 0.000000 0.707107 -0.707107
vn 0.000000 0.707107 -0.707107
vn 0.000000 0.707107 -0.707107
vn 0.000000 0.707107 -0.707107
vn 0.707107 0.000000 -0.707106
vn 0.707107 0.000000 -0.707106
vn 0.707107 0.000000 -0.707106
vn 0.707107 0.000000 -0.707106
vn -0.707107 -0.707106 0.000000
vn -0.707107 -0.707106 0.000000
vn -0.707107 -0.707106 0.000000
vn -0.707107 -0.707106 0.000000
vn 0.707107 0.000000 -0.707107
vn 0.707107 0.000000 -0.707107
vn 0.707107 0.000000 -0.707106
vn 0.707107 0.000000 -0.707106
vn 0.707108 -0.707106 0.000000
vn 0.707108 -0.707106 0.000000
vn 0.707107 -0.707106 0.000000
vn 0.707107 -0.707106 0.000000
vn 0.000000 -0.707107 -0.707106
vn 0.000000 -0.707107 -0.707106
vn 0.000000 -0.707106 -0.707107
vn 0.000000 -0.707106 -0.707107
vn 0.707107 -0.707106 0.000000
vn 0.707107 -0.707106 0.000000
vn 0.707107 -0.707106 0.000000
vn 0.707107 -0.707106 0.000000
vn 0.000000 0.000000 1.000000
vn 0.000000 0.000000 1.000000
vn 0.000000 0.000000 1.000000
vn 0.000000 0.000000 1.000000
vn 0.000000 1.000000 0.000000
vn 0.000000 1.000000 0.000000
vn 0.000000 1.000000 0.000000
vn 0.000000 1.000000 0.000000
vn 0.000000 0.000000 -1.000000
vn 0.000000 0.000000 -1.000000
vn 0.000000 0.000000 -1.000000
vn 0.000000 0.000000 -1.000000
vn 0.000000 -1.000000 0.000000
vn 0.000000 -1.000000 0.000000
vn 0.000000 -1.000000 0.000000
vn 0.000000 -1.000000 0.000000
vn 1.000000 0.000000 0.000000
vn 1.000000 0.000000 0.000000
vn 1.000000 0.000000 0.000000
vn 1.000000 0.000000 0.000000
vn -1.000000 0.000000 0.000000
vn -1.000000 0.000000 0.000000
vn -1.000000 0.000000 0.000000
vn -1.000000 0.000000 0.000000
vn 0.000000 1.000000 0.000000
vn 0.000000 1.000000 0.000000
vn 0.000000 1.000000 0.000000
vn 0.000000 1.000000 0.000000
vn 0.000000 0.000000 -1.000000
vn 0.000000 0.000000 -1.000000
vn 0.000000 0.000000 -1.000000
vn 0.000000 0.000000 -1.000000
vn 0.000000 -1.000000 0.000000
vn 0.000000 -1.000000 0.000000
vn 0.000000 -1.000000 0.000000
vn 0.000000 -1.000000 0.000000
vn 0.000000 0.000000 1.000000
vn 0.000000 0.000000 1.000000
vn 0.000000 0.000000 1.000000
vn 0.000000 0.000000 1.000000
vn 0.000000 1.000000 0.000000
vn 0.000000 1.000000 0.000000
vn 0.000000 1.000000 0.000000
vn 0.000000 1.000000 0.000000
vn 0.000000 0.000000 -1.000000
vn 0.000000 0.000000 -1.000000
vn 0.000000 0.000000 -1.000000
vn 0.000000 0.000000 -1.000000
vn 0.000000 -1.000000 0.000000
vn 0.000000 -1.000000 0.000000
vn 0.000000 -1.000000 0.000000
vn 0.000000 -1.000000 0.000000
vn 0.000000 0.000000 1.000000
vn 0.000000 0.000000 1.000000
vn 0.000000 0.000000 1.000000
vn 0.000000 0.000000 1.000000
vn 0.000000 1.000000 0.000000
vn 0.000000 1.000000 0.000000
vn 0.000000 1.000000 0.000000
vn 0.000000 1.000000 0.000000
vn -1.000000 0.000000 0.000000
vn -1.000000 0.000000 0.000000
vn -1.000000 0.000000 0.000000
vn -1.000000 0.000000 0.000000
vn 0.000000 -1.000000 0.000000
vn 0.000000 -1.000000 0.000000
vn 0.000000 -1.000000 0.000000
vn 0.000000 -1.000000 0.000000
vn 0.000000 -1.000000 0.000000
vn 0.000000 -1.000000 0.000000
vn 0.000000 -1.000000 0.000000
vn 0.000000 -1.000000 0.000000
vn 0.000000 -1.000000 0.000000
vn 0.000000 -1.000000 0.000000
vn 0.000000 -1.000000 0.000000
vn 0.000000 -1.000000 0.000000
vn 1.000000 0.000000 0.000000
vn 1.000000 0.000000 0.000000
vn 1.000000 0.000000 0.000000
vn 1.000000 0.000000 0.000000
vn 0.000000 1.000000 0.000000
vn 0.000000 1.000000 0.000000
vn 0.000000 1.000000 0.000000
vn 0.000000 1.000000 0.000000
vn 0.000000 1.000000 0.000000
vn 0.000000 1.000000 0.000000
vn 0.000000 1.000000 0.000000
vn 0.000000 1.000000 0.000000
vn 0.000000 1.000000 0.000000
vn 0.000000 1.000000 0.000000
vn 0.000000 1.000000 0.000000
vn 0.000000 1.000000 0.000000
vn -1.000000 0.000000 0.000000
vn -1.000000 0.000000 0.000000
vn -1.000000 0.000000 0.000000
vn -1.000000 0.000000 0.000000
vn 0.000000 -1.000000 0.000000
vn 0.000000 -1.000000 0.000000
vn 0.000000 -1.000000 0.000000
vn 0.000000 -1.000000 0.000000
vn 0.000000 -1.000000 0.000000
vn 0.000000 -1.000000 0.000000
vn 0.000000 -1.000000 0.000000
vn 0.000000 -1.000000 0.000000
vn 1.000000 0.000000 0.000000
vn 1.000000 0.000000 0.000000
vn 1.000000 0.000000 0.000000
vn 1.000000 0.000000 0.000000
vn 0.000000 1.000000 0.000000
vn 0.000000 1.000000 0.000000
vn 0.000000 1.000000 0.000000
vn 0.000000 1.000000 0.000000
vn -1.000000 0.000000 0.000000
vn -1.000000 0.000000 0.000000
vn -1.000000 0.000000 0.000000
vn -1.000000 0.000000 0.000000
vn -1.000000 0.000000 0.000000
vn -1.000000 0.000000 0.000000
vn -1.000000 0.000000 0.000000
vn -1.000000 0.000000 0.000000
vn -1.000000 0.000000 0.000000
vn -1.000000 0.000000 0.000000
vn -1.000000 0.000000 0.000000
vn -1.000000 0.000000 0.000000
vn 0.000000 0.000000 -1.000000
vn 0.000000 0.000000 -1.000000
vn 0.000000 0.000000 -1.000000
vn 0.000000 0.000000 -1.000000
vn 0.000000 0.000000 -1.000000
vn 0.000000 0.000000 -1.000000
vn 0.000000 0.000000 -1.000000
vn 0.000000 0.000000 -1.000000
vn 0.000000 0.000000 -1.000000
vn 0.000000 0.000000 -1.000000
vn 0.000000 0.000000 -1.000000
vn 0.000000 0.000000 -1.000000
vn 1.000000 0.000000 0.000000
vn 1.000000 0.000000 0.000000
vn 1.000000 0.000000 0.000000
vn 1.000000 0.000000 0.000000
vn 1.000000 0.000000 0.000000
vn 1.000000 0.000000 0.000000
vn 1.000000 0.000000 0.000000
vn 1.000000 0.000000 0.000000
vn 1.000000 0.000000 0.000000
vn 1.000000 0.000000 0.000000
vn 1.000000 0.000000 0.000000
vn 1.000000 0.000000 0.000000
vn 0.000000 0.000000 1.000000
vn 0.000000 0.000000 1.000000
vn 0.000000 0.000000 1.000000
vn 0.000000 0.000000 1.000000
vn 0.000000 0.000000 1.000000
vn 0.000000 0.000000 1.000000
vn 0.000000 0.000000 1.000000
vn 0.000000 0.000000 1.000000
vn 0.000000 0.000000 1.000000
vn 0.000000 0.000000 1.000000
vn 0.000000 0.000000 1.000000
vn 0.000000 0.000000 1.000000
vn -1.000000 0.000000 0.000000
vn -1.000000 0.000000 0.000000
vn -1.000000 0.000000 0.000000
vn -1.000000 0.000000 0.000000
vn -1.000000 0.000000 0.000000
vn -1.000000 0.000000 0.000000
vn -1.000000 0.000000 0.000000
vn -1.000000 0.000000 0.000000
vn 0.000000 0.000000 -1.000000
vn 0.000000 0.000000 -1.000000
vn 0.000000 0.000000 -1.000000
vn 0.000000 0.000000 -1.000000
vn 0.000000 0.000000 -1.000000
vn 0.000000 0.000000 -1.000000
vn 0.000000 0.000000 -1.000000
vn 0.000000 0.000000 -1.000000
vn 1.000000 0.000000 0.000000
vn 1.000000 0.000000 0.000000
vn 1.000000 0.000000 0.000000
vn 1.000000 0.000000 0.000000
vn 1.000000 0.000000 0.000000
vn 1.000000 0.000000 0.000000
vn 1.000000 0.000000 0.000000
vn 1.000000 0.000000 0.000000
vn 0.000000 0.000000 1.000000
vn 0.000000 0.000000 1.000000
vn 0.000000 0.000000 1.000000
vn 0.000000 0.000000 1.000000
vn 0.000000 0.000000 1.000000
vn 0.000000 0.000000 1.000000
vn 0.000000 0.000000 1.000000
vn 0.000000 0.000000 1.000000
vn -0.577350 -0.577350 0.577350
vn -0.577350 -0.577350 0.577350
vn -0.577350 -0.577350 0.577350
vn -0.577351 0.577351 0.577350
vn -0.577351 0.577350 0.577350
vn -0.577351 0.577351 0.577350
vn -0.577352 0.577349 -0.577351
vn -0.577352 0.577349 -0.577351
vn -0.577352 0.577349 -0.577351
vn -0.577351 -0.577348 -0.577351
vn -0.577351 -0.577348 -0.577351
vn -0.577351 -0.577348 -0.577351
vn 0.577351 -0.577350 0.577350
vn 0.577351 -0.577350 0.577350
vn 0.577351 -0.577350 0.577350
vn 0.577351 0.577350 0.577350
vn 0.577351 0.577350 0.577350
vn 0.577351 0.577350 0.577350
vn 0.577351 0.577350 -0.577350
vn 0.577351 0.577350 -0.577350
vn 0.577351 0.577350 -0.577350
vn 0.577351 -0.577350 -0.577351
vn 0.577351 -0.577350 -0.577351
vn 0.577351 -0.577350 -0.577351
vn 0.000000 -1.000000 0.000000
vn 0.000000 -1.000000 0.000000
vn 0.000000 -1.000000 0.000000
vn 0.000000 -1.000000 0.000000
vn 0.000000 1.000000 0.000000
vn 0.000000 1.000000 0.000000
vn 0.000000 1.000000 0.000000
vn 0.000000 1.000000 0.000000
vn -1.000000 0.000000 0.000000
vn -1.000000 0.000000 0.000000
vn -1.000000 0.000000 0.000000
vn -1.000000 0.000000 0.000000
vn 0.000000 0.000000 -1.000000
vn 0.000000 0.000000 -1.000000
vn 0.000000 0.000000 -1.000000
vn 0.000000 0.000000 -1.000000
vn 1.000000 0.000000 0.000000
vn 1.000000 0.000000 0.000000
vn 1.000000 0.000000 0.000000
vn 1.000000 0.000000 0.000000
vn 0.000000 0.000000 1.000000
vn 0.000000 0.000000 1.000000
vn 0.000000 0.000000 1.000000
vn 0.000000 0.000000 1.000000
vn -0.707108 -0.707106 0.000000
vn -0.707108 -0.707106 0.000000
vn -0.707107 -0.707106 0.000000
vn -0.707107 -0.707106 0.000000
vn 0.000000 -0.707107 0.707107
vn 0.000000 -0.707107 0.707107
vn 0.000000 -0.707107 0.707107
vn 0.000000 -0.707107 0.707107
vn -0.707107 0.000000 0.707107
vn -0.707107 0.000000 0.707107
vn -0.707108 0.000000 0.707106
vn -0.707108 0.000000 0.707106
vn 0.000000 -0.707107 0.707107
vn 0.000000 -0.707107 0.707107
vn 0.000000 -0.707107 0.707107
vn 0.000000 -0.707107 0.707107
vn -0.707108 0.000000 0.707106
vn -0.707108 0.000000 0.707106
vn -0.707108 0.000000 0.707106
vn -0.707108 0.000000 0.707106
vn 0.000000 0.707106 0.707107
vn 0.000000 0.707106 0.707107
vn 0.000000 0.707107 0.707107
vn 0.000000 0.707107 0.707107
vn -0.707108 0.707106 0.000000
vn -0.707108 0.707106 0.000000
vn -0.707107 0.707106 0.000000
vn -0.707107 0.707106 0.000000
vn 0.000000 0.707107 0.707107
vn 0.000000 0.707107 0.707107
vn 0.000000 0.707107 0.707107
vn 0.000000 0.707107 0.707107
vn -0.707108 0.707106 0.000000
vn -0.707108 0.707106 0.000000
vn -0.707107 0.707106 0.000000
vn -0.707107 0.707106 0.000000
vn 0.000000 0.707107 -0.707106
vn 0.000000 0.707107 -0.707106
vn 0.000000 0.707107 -0.707107
vn 0.000000 0.707107 -0.707107
vn -0.707108 0.000000 -0.707106
vn -0.707108 0.000000 -0.707106
vn -0.707107 0.000000 -0.707106
vn -0.707107 0.000000 -0.707106
vn 0.000000 0.707107 -0.707107
vn 0.000000 0.707107 -0.707107
vn 0.000000 0.707107 -0.707107
vn 0.000000 0.707107 -0.707107
vn -0.707107 0.000000 -0.707107
vn -0.707107 0.000000 -0.707107
vn -0.707107 0.000000 -0.707106
vn -0.707107 0.000000 -0.707106
vn 0.000000 -0.707108 -0.707106
vn 0.000000 -0.707108 -0.707106
vn 0.000000 -0.707106 -0.707107
vn 0.000000 -0.707106 -0.707107
vn -0.707108 -0.707106 0.000000
vn -0.707108 -0.707106 0.000000
vn -0.707107 -0.707106 0.000000
vn -0.707107 -0.707106 0.000000
vn 0.000000 -0.707106 -0.707107
vn 0.000000 -0.707106 -0.707107
vn 0.000000 -0.707106 -0.707107
vn 0.000000 -0.707106 -0.707107
vn -0.707108 0.000000 0.707106
vn -0.707108 0.000000 0.707106
vn -0.707108 0.000000 0.707106
vn -0.707108 0.000000 0.707106
vn 0.707107 -0.707106 0.000000
vn 0.707107 -0.707106 0.000000
vn 0.707107 -0.707106 0.000000
vn 0.707107 -0.707106 0.000000
vn 0.707107 0.000000 0.707107
vn 0.707107 0.000000 0.707107
vn 0.707108 0.000000 0.707106
vn 0.707108 0.000000 0.707106
vn 0.000000 -0.707107 0.707106
vn 0.000000 -0.707107 0.707106
vn 0.000000 -0.707107 0.707107
vn 0.000000 -0.707107 0.707107
vn 0.707108 0.000000 0.707106
vn 0.707108 0.000000 0.707106
vn 0.707108 0.000000 0.707106
vn 0.707108 0.000000 0.707106
vn -0.707107 0.707106 0.000000
vn -0.707107 0.707106 0.000000
vn -0.707107 0.707106 0.000000
vn -0.707107 0.707106 0.000000
vn 0.707108 0.000000 0.707106
vn 0.707108 0.000000 0.707106
vn 0.707108 0.000000 0.707106
vn 0.707108 0.000000 0.707106
vn 0.707107 0.707106 0.000000
vn 0.707107 0.707106 0.000000
vn 0.707107 0.707106 0.000000
vn 0.707107 0.707106 0.000000
vn 0.000000 0.707107 0.707107
vn 0.000000 0.707107 0.707107
vn 0.000000 0.707107 0.707107
vn 0.000000 0.707107 0.707107
vn 0.707107 0.707106 0.000000
vn 0.707107 0.707106 0.000000
vn 0.707107 0.707106 0.000000
vn 0.707107 0.707106 0.000000
vn -0.707107 0.000000 -0.707106
vn -0.707107 0.000000 -0.707106
vn -0.707107 0.000000 -0.707106
vn -0.707107 0.000000 -0.707106
vn 0.707108 0.707106 0.000000
vn 0.707108 0.707106 0.000000
vn 0.707107 0.707106 0.000000
vn 0.707107 0.707106 0.000000
vn 0.707108 0.000000 -0.707106
vn 0.707108 0.000000 -0.707106
vn 0.707107 0.000000 -0.707106
vn 0.707107 0.000000 -0.707106
vn 0.000000 0.707107 -0.707107
vn 0.000000 0.707107 -0.707107
vn 0.000000 0.707107 -0.707107
vn 0.000000 0.707107 -0.707107
vn 0.707107 0.000000 -0.707106
vn 0.707107 0.000000 -0.707106
vn 0.707107 0.000000 -0.707106
vn 0.707107 0.000000 -0.707106
vn -0.707107 -0.707106 0.000000
vn -0.707107 -0.707106 0.000000
vn -0.707107 -0.707106 0.000000
vn -0.707107 -0.707106 0.000000
vn 0.707107 0.000000 -0.707107
vn 0.707107 0.000000 -0.707107
vn 0.707107 0.000000 -0.707106
vn 0.707107 0.000000 -0.707106
vn 0.707108 -0.707106 0.000000
vn 0.707108 -0.707106 0.000000
vn 0.707107 -0.707106 0.000000
vn 0.707107 -0.707106 0.000000
vn 0.000000 -0.707107 -0.707106
vn 0.000000 -0.707107 -0.707106
vn 0.000000 -0.707106 -0.707107
vn 0.000000 -0.707106 -0.707107
vn 0.707107 -0.707106 0.000000
vn 0.707107 -0.707106 0.000000
vn 0.707107 -0.707106 0.000000
vn 0.707107 -0.707106 0.000000
vn 0.000000 0.000000 1.000000
vn 0.000000 0.000000 1.000000
vn 0.000000 0.000000 1.000000
vn 0.000000 0.000000 1.000000
vn 0.000000 1.000000 0.000000
vn 0.000000 1.000000 0.000000
vn 0.000000 1.000000 0.000000
vn 0.000000 1.000000 0.000000
vn 0.000000 0.000000 -1.000000
vn 0.000000 0.000000 -1.000000
vn 0.000000 0.000000 -1.000000
vn 0.000000 0.000000 -1.000000
vn 0.000000 -1.000000 0.000000
vn 0.000000 -1.000000 0.000000
vn 0.000000 -1.000000 0.000000
vn 0.000000 -1.000000 0.000000
vn 1.000000 0.000000 0.000000
vn 1.000000 0.000000 0.000000
vn 1.000000 0.000000 0.000000
vn 1.000000 0.000000 0.000000
vn -1.000000 0.000000 0.000000
vn -1.000000 0.000000 0.000000
vn -1.000000 0.000000 0.000000
vn -1.000000 0.000000 0.000000
vn 0.000000 1.000000 0.000000
vn 0.000000 1.000000 0.000000
vn 0.000000 1.000000 0.000000
vn 0.000000 1.000000 0.000000
vn 0.000000 0.000000 -1.000000
vn 0.000000 0.000000 -1.000000
vn 0.000000 0.000000 -1.000000
vn 0.000000 0.000000 -1.000000
vn 0.000000 -1.000000 0.000000
vn 0.000000 -1.000000 0.000000
vn 0.000000 -1.000000 0.000000
vn 0.000000 -1.000000 0.000000
vn 0.000000 0.000000 1.000000
vn 0.000000 0.000000 1.000000
vn 0.000000 0.000000 1.000000
vn 0.000000 0.000000 1.000000
vn 0.000000 1.000000 0.000000
vn 0.000000 1.000000 0.000000
vn 0.000000 1.000000 0.000000
vn 0.000000 1.000000 0.000000
vn 0.000000 0.000000 -1.000000
vn 0.000000 0.000000 -1.000000
vn 0.000000 0.000000 -1.000000
vn 0.000000 0.000000 -1.000000
vn 0.000000 -1.000000 0.000000
vn 0.000000 -1.000000 0.000000
vn 0.000000 -1.000000 0.000000
vn 0.000000 -1.000000 0.000000
vn 0.000000 0.000000 1.000000
vn 0.000000 0.000000 1.000000
vn 0.000000 0.000000 1.000000
vn 0.000000 0.000000 1.000000
vn 0.000000 1.000000 0.000000
vn 0.000000 1.000000 0.000000
vn 0.000000 1.000000 0.000000
vn 0.000000 1.000000 0.000000
vn -1.000000 0.000000 0.000000
vn -1.000000 0.000000 0.000000
vn -1.000000 0.000000 0.000000
vn -1.000000 0.000000 0.000000
vn 0.000000 -1.000000 0.000000
vn 0.000000 -1.000000 0.000000
vn 0.000000 -1.000000 0.000000
vn 0.000000 -1.000000 0.000000
vn 0.000000 -1.000000 0.000000
vn 0.000000 -1.000000 0.000000
vn 0.000000 -1.000000 0.000000
vn 0.000000 -1.000000 0.000000
vn 0.000000 -1.000000 0.000000
vn 0.000000 -1.000000 0.000000
vn 0.000000 -1.000000 0.000000
vn 0.000000 -1.000000 0.000000
vn 1.000000 0.000000 0.000000
vn 1.000000 0.000000 0.000000
vn 1.000000 0.000000 0.000000
vn 1.000000 0.000000 0.000000
vn 0.000000 1.000000 0.000000
vn 0.000000 1.000000 0.000000
vn 0.000000 1.000000 0.000000
vn 0.000000 1.000000 0.000000
vn 0.000000 1.000000 0.000000
vn 0.000000 1.000000 0.000000
vn 0.000000 1.000000 0.000000
vn 0.000000 1.000000 0.000000
vn 0.000000 1.000000 0.000000
vn 0.000000 1.000000 0.000000
vn 0.000000 1.000000 0.000000
vn 0.000000 1.000000 0.000000
vn -1.000000 0.000000 0.000000
vn -1.000000 0.000000 0.000000
vn -1.000000 0.000000 0.000000
vn -1.000000 0.000000 0.000000
vn 0.000000 -1.000000 0.000000
vn 0.000000 -1.000000 0.000000
vn 0.000000 -1.000000 0.000000
vn 0.000000 -1.000000 0.000000
vn 0.000000 -1.000000 0.000000
vn 0.000000 -1.000000 0.000000
vn 0.000000 -1.000000 0.000000
vn 0.000000 -1.000000 0.000000
vn 1.000000 0.000000 0.000000
vn 1.000000 0.000000 0.000000
vn 1.000000 0.000000 0.000000
vn 1.000000 0.000000 0.000000
vn 0.000000 1.000000 0.000000
vn 0.000000 1.000000 0.000000
vn 0.000000 1.000000 0.000000
vn 0.000000 1.000000 0.000000
vn -1.000000 0.000000 0.000000
vn -1.000000 0.000000 0.000000
vn -1.000000 0.000000 0.000000
vn -1.000000 0.000000 0.000000
vn -1.000000 0.000000 0.000000
vn -1.000000 0.000000 0.000000
vn -1.000000 0.000000 0.000000
vn -1.000000 0.000000 0.000000
vn -1.000000 0.000000 0.000000
vn -1.000000 0.000000 0.000000
vn -1.000000 0.000000 0.000000
vn -1.000000 0.000000 0.000000
vn 0.000000 0.000000 -1.000000
vn 0.000000 0.000000 -1.000000
vn 0.000000 0.000000 -1.000000
vn 0.000000 0.000000 -1.000000
vn 0.000000 0.000000 -1.000000
vn 0.000000 0.000000 -1.000000
vn 0.000000 0.000000 -1.000000
vn 0.000000 0.000000 -1.000000
vn 0.000000 0.000000 -1.000000
vn 0.000000 0.000000 -1.000000
vn 0.000000 0.000000 -1.000000
vn 0.000000 0.000000 -1.000000
vn 1.000000 0.000000 0.000000
vn 1.000000 0.000000 0.000000
vn 1.000000 0.000000 0.000000
vn 1.000000 0.000000 0.000000
vn 1.000000 0.000000 0.000000
vn 1.000000 0.000000 0.000000
vn 1.000000 0.000000 0.000000
vn 1.000000 0.000000 0.000000
vn 1.000000 0.000000 0.000000
vn 1.000000 0.000000 0.000000
vn 1.000000 0.000000 0.000000
vn 1.000000 0.000000 0.000000
vn 0.000000 0.000000 1.000000
vn 0.000000 0.000000 1.000000
vn 0.000000 0.000000 1.000000
vn 0.000000 0.000000 1.000000
vn 0.000000 0.000000 1.000000
vn 0.000000 0.000000 1.000000
vn 0.000000 0.000000 1.000000
vn 0.000000 0.000000 1.000000
vn 0.000000 0.000000 1.000000
vn 0.000000 0.000000 1.000000
vn 0.000000 0.000000 1.000000
vn 0.000000 0.000000 1.000000
vn -1.000000 0.000000 0.000000
vn -1.000000 0.000000 0.000000
vn -1.000000 0.000000 0.000000
vn -1.000000 0.000000 0.000000
vn -1.000000 0.000000 0.000000
vn -1.000000 0.000000 0.000000
vn -1.000000 0.000000 0.000000
vn -1.000000 0.000000 0.000000
vn 0.000000 0.000000 -1.000000
vn 0.000000 0.000000 -1.000000
vn 0.000000 0.000000 -1.000000
vn 0.000000 0.000000 -1.000000
vn 0.000000 0.000000 -1.000000
vn 0.000000 0.000000 -1.000000
vn 0.000000 0.000000 -1.000000
vn 0.000000 0.000000 -1.000000
vn 1.000000 0.000000 0.000000
vn 1.000000 0.000000 0.000000
vn 1.000000 0.000000 0.000000
vn 1.000000 0.000000 0.000000
vn 1.000000 0.000000 0.000000
vn 1.000000 0.000000 0.000000
vn 1.000000 0.000000 0.000000
vn 1.000000 0.000000 0.000000
vn 0.000000 0.000000 1.000000
vn 0.000000 0.000000 1.000000
vn 0.000000 0.000000 1.000000
vn 0.000000 0.000000 1.000000
vn 0.000000 0.000000 1.000000
vn 0.000000 0.000000 1.000000
vn 0.000000 0.000000 1.000000
vn 0.000000 0.000000 1.000000
vn -0.577350 -0.577350 0.577350
vn -0.577350 -0.577350 0.577350
vn -0.577350 -0.577350 0.577350
vn -0.577351 0.577351 0.577350
vn -0.577351 0.577350 0.577350
vn -0.577351 0.577351 0.577350
vn -0.577352 0.577349 -0.577351
vn -0.577352 0.577349 -0.577351
vn -0.577352 0.577349 -0.577351
vn -0.577351 -0.577348 -0.577351
vn -0.577351 -0.577348 -0.577351
vn -0.577351 -0.577348 -0.577351
vn 0.577351 -0.577350 0.577350
vn 0.577351 -0.577350 0.577350
vn 0.577351 -0.577350 0.577350
vn 0.577351 0.577350 0.577350
vn 0.577351 0.577350 0.577350
vn 0.577351 0.577350 0.577350
vn 0.577351 0.577350 -0.577350
vn 0.577351 0.577350 -0.577350
vn 0.577351 0.577350 -0.577350
vn 0.577351 -0.577350 -0.577351
vn 0.577351 -0.577350 -0.577351
vn 0.577351 -0.577350 -0.577351
f 7/1/1 6/2/2 2/3/3 3/4/4
f 5/5/5 8/6/6 4/7/7 1/8/8
f 18/9/9 17/10/10 9/11/11 10/12/12
f 20/13/13 19/14/14 11/15/15 12/16/16
f 14/17/17 22/18/18 21/19/19 13/20/20
f 16/21/21 24/22/22 23/23/23 15/24/24
f 26/25/25 25/26/26 84/27/27 83/28/28
f 27/29/29 26/30/30 29/31/31 28/32/32
f 25/26/33 27/33/34 46/34/35 45/35/36
f 28/32/37 29/31/38 80/36/39 79/37/40
f 31/38/41 30/39/42 90/40/43 89/41/44
f 32/42/45 31/43/46 34/44/47 33/45/48
f 30/39/49 32/46/50 52/47/51 53/48/52
f 33/45/53 34/44/54 74/49/55 73/50/56
f 36/51/57 35/52/58 82/53/59 81/54/60
f 37/55/61 36/56/62 39/57/63 38/58/64
f 35/52/65 37/59/66 60/60/67 59/61/68
f 38/58/69 39/57/70 76/62/71 75/63/72
f 41/64/73 40/65/74 91/66/75 92/67/76
f 42/68/77 41/69/78 44/70/79 43/71/80
f 40/65/81 42/72/82 66/73/83 67/74/84
f 43/71/85 44/70/86 78/75/87 77/76/88
f 45/35/89 46/34/90 89/41/91 90/40/92
f 48/77/93 47/78/94 85/79/95 86/80/96
f 49/81/97 48/77/98 50/82/99 51/83/100
f 47/84/101 49/85/102 79/37/103 80/36/104
f 51/83/105 50/82/106 95/86/107 96/87/108
f 53/48/109 52/47/110 81/54/111 82/53/112
f 55/88/113 54/89/114 96/87/115 95/86/116
f 56/90/117 55/88/118 58/91/119 57/92/120
f 54/93/121 56/94/122 73/50/123 74/49/124
f 57/92/125 58/91/126 88/95/127 87/96/128
f 59/61/129 60/60/130 92/67/131 91/66/132
f 62/97/133 61/98/134 87/96/135 88/95/136
f 63/99/137 62/97/138 65/100/139 64/101/140
f 61/102/141 63/103/142 75/63/143 76/62/144
f 64/101/145 65/100/146 94/104/147 93/105/148
f 67/74/149 66/73/150 83/28/151 84/27/152
f 69/106/153 68/107/154 93/105/155 94/104/156
f 70/108/157 69/106/158 72/109/159 71/110/160
f 68/111/161 70/112/162 77/76/163 78/75/164
f 71/110/165 72/109/166 86/80/167 85/79/168
f 46/113/169 27/29/170 28/32/171 24/22/172
f 52/114/173 32/115/174 33/116/175 5/5/176
f 92/117/177 19/14/178 44/70/179 41/69/180
f 83/118/181 6/2/182 29/119/183 26/120/184
f 50/82/185 48/77/186 86/80/187 22/18/188
f 84/27/189 25/26/190 45/35/191 17/10/192
f 73/121/193 56/122/194 57/123/195 8/6/196
f 78/75/197 20/13/198 93/124/199 68/111/200
f 80/125/201 7/1/202 85/126/203 47/127/204
f 23/23/205 79/37/206 49/85/207 51/128/208
f 33/116/209 73/121/210 8/6/211 5/5/212
f 44/70/213 19/14/214 20/13/215 78/75/216
f 29/119/217 6/2/218 7/1/219 80/125/220
f 24/22/221 28/32/222 79/37/223 23/23/224
f 81/129/225 1/8/226 39/130/227 36/131/228
f 91/66/229 40/65/230 67/74/231 18/9/232
f 66/132/233 42/133/234 43/134/235 2/3/236
f 3/4/237 2/3/238 43/134/239 77/135/240
f 71/136/241 3/4/242 77/135/243 70/137/244
f 21/19/245 72/109/246 69/106/247 94/104/248
f 4/7/249 87/138/250 61/139/251 76/140/252
f 1/8/253 4/7/254 76/140/255 39/130/256
f 52/114/257 5/5/258 1/8/259 81/129/260
f 67/74/261 84/27/262 17/10/263 18/9/264
f 66/132/265 2/3/266 6/2/267 83/118/268
f 85/126/269 7/1/270 3/4/271 71/136/272
f 22/18/273 86/80/274 72/109/275 21/19/276
f 8/6/277 57/123/278 87/138/279 4/7/280
f 9/11/281 90/40/282 30/39/283 53/48/284
f 10/12/285 9/11/286 53/48/287 82/53/288
f 59/61/289 10/12/290 82/53/291 35/52/292
f 60/141/293 37/55/294 38/58/295 11/15/296
f 12/16/297 11/15/298 38/58/299 75/63/300
f 64/142/301 12/16/302 75/63/303 63/103/304
f 88/95/305 13/20/306 65/100/307 62/97/308
f 58/91/309 14/17/310 13/20/311 88/95/312
f 95/86/313 14/17/314 58/91/315 55/88/316
f 74/49/317 15/24/318 96/143/319 54/93/320
f 34/44/321 16/21/322 15/24/323 74/49/324
f 89/144/325 16/21/326 34/44/327 31/43/328
f 17/10/329 45/35/330 90/40/331 9/11/332
f 91/66/333 18/9/334 10/12/335 59/61/336
f 60/141/337 11/15/338 19/14/339 92/117/340
f 93/124/341 20/13/342 12/16/343 64/142/344
f 13/20/345 21/19/346 94/104/347 65/100/348
f 50/82/349 22/18/350 14/17/351 95/86/352
f 15/24/353 23/23/354 51/128/355 96/143/356
f 46/113/357 24/22/358 16/21/359 89/144/360
f 25/26/361 26/25/362 27/33/363
f 30/39/364 31/38/365 32/46/366
f 35/52/367 36/51/368 37/59/369
f 40/65/370 41/64/371 42/72/372
f 47/78/373 48/77/374 49/81/375
f 54/89/376 55/88/377 56/90/378
f 61/98/379 62/97/380 63/99/381
f 68/107/382 69/106/383 70/108/384
f 103/145/385 102/146/386 98/147/387 99/148/388
f 101/149/389 104/150/390 100/151/391 97/152/392
f 114/153/393 113/154/394 105/155/395 106/156/396
f 116/157/397 115/158/398 107/159/399 108/160/400
f 110/161/401 118/162/402 117/163/403 109/164/404
f 112/165/405 120/166/406 119/167/407 111/168/408
f 122/169/409 121/170/410 180/171/411 179/172/412
f 123/173/413 122/174/414 125/175/415 124/176/416
f 121/170/417 123/177/418 142/178/419 141/179/420
f 124/176/421 125/175/422 176/180/423 175/181/424
f 127/182/425 126/183/426 186/184/427 185/185/428
f 128/186/429 127/187/430 130/188/431 129/189/432
f 126/183/433 128/190/434 148/191/435 149/192/436
f 129/189/437 130/188/438 170/193/439 169/194/440
f 132/195/441 131/196/442 178/197/443 177/198/444
f 133/199/445 132/200/446 135/201/447 134/202/448
f 131/196/449 133/203/450 156/204/451 155/205/452
f 134/202/453 135/201/454 172/206/455 171/207/456
f 137/208/457 136/209/458 187/210/459 188/211/460
f 138/212/461 137/213/462 140/214/463 139/215/464
f 136/209/465 138/216/466 162/217/467 163/218/468
f 139/215/469 140/214/470 174/219/471 173/220/472
f 141/179/473 142/178/474 185/185/475 186/184/476
f 144/221/477 143/222/478 181/223/479 182/224/480
f 145/225/481 144/221/482 146/226/483 147/227/484
f 143/228/485 145/229/486 175/181/487 176/180/488
f 147/227/489 146/226/490 191/230/491 192/231/492
f 149/192/493 148/191/494 177/198/495 178/197/496
f 151/232/497 150/233/498 192/231/499 191/230/500
f 152/234/501 151/232/502 154/235/503 153/236/504
f 150/237/505 152/238/506 169/194/507 170/193/508
f 153/236/509 154/235/510 184/239/511 183/240/512
f 155/205/513 156/204/514 188/211/515 187/210/516
f 158/241/517 157/242/518 183/240/519 184/239/520
f 159/243/521 158/241/522 161/244/523 160/245/524
f 157/246/525 159/247/526 171/207/527 172/206/528
f 160/245/529 161/244/530 190/248/531 189/249/532
f 163/218/533 162/217/534 179/172/535 180/171/536
f 165/250/537 164/251/538 189/249/539 190/248/540
f 166/252/541 165/250/542 168/253/543 167/254/544
f 164/255/545 166/256/546 173/220/547 174/219/548
f 167/254/549 168/253/550 182/224/551 181/223/552
f 142/257/553 123/173/554 124/176/555 120/166/556
f 148/258/557 128/259/558 129/260/559 101/149/560
f 188/261/561 115/158/562 140/214/563 137/213/564
f 179/262/565 102/146/566 125/263/567 122/264/568
f 146/226/569 144/221/570 182/224/571 118/162/572
f 180/171/573 121/170/574 141/179/575 113/154/576
f 169/265/577 152/266/578 153/267/579 104/150/580
f 174/219/581 116/157/582 189/268/583 164/255/584
f 176/269/585 103/145/586 181/270/587 143/271/588
f 119/167/589 175/181/590 145/229/591 147/272/592
f 129/260/593 169/265/594 104/150/595 101/149/596
f 140/214/597 115/158/598 116/157/599 174/219/600
f 125/263/601 102/146/602 103/145/603 176/269/604
f 120/166/605 124/176/606 175/181/607 119/167/608
f 177/273/609 97/152/610 135/274/611 132/275/612
f 187/210/613 136/209/614 163/218/615 114/153/616
f 162/276/617 138/277/618 139/278/619 98/147/620
f 99/148/621 98/147/622 139/278/623 173/279/624
f 167/280/625 99/148/626 173/279/627 166/281/628
f 117/163/629 168/253/630 165/250/631 190/248/632
f 100/151/633 183/282/634 157/283/635 172/284/636
f 97/152/637 100/151/638 172/284/639 135/274/640
f 148/258/641 101/149/642 97/152/643 177/273/644
f 163/218/645 180/171/646 113/154/647 114/153/648
f 162/276/649 98/147/650 102/146/651 179/262/652
f 181/270/653 103/145/654 99/148/655 167/280/656
f 118/162/657 182/224/658 168/253/659 117/163/660
f 104/150/661 153/267/662 183/282/663 100/151/664
f 105/155/665 186/184/666 126/183/667 149/192/668
f 106/156/669 105/155/670 149/192/671 178/197/672
f 155/205/673 106/156/674 178/197/675 131/196/676
f 156/285/677 133/199/678 134/202/679 107/159/680
f 108/160/681 107/159/682 134/202/683 171/207/684
f 160/286/685 108/160/686 171/207/687 159/247/688
f 184/239/689 109/164/690 161/244/691 158/241/692
f 154/235/693 110/161/694 109/164/695 184/239/696
f 191/230/697 110/161/698 154/235/699 151/232/700
f 170/193/701 111/168/702 192/287/703 150/237/704
f 130/188/705 112/165/706 111/168/707 170/193/708
f 185/288/709 112/165/710 130/188/711 127/187/712
f 113/154/713 141/179/714 186/184/715 105/155/716
f 187/210/717 114/153/718 106/156/719 155/205/720
f 156/285/721 107/159/722 115/158/723 188/261/724
f 189/268/725 116/157/726 108/160/727 160/286/728
f 109/164/729 117/163/730 190/248/731 161/244/732
f 146/226/733 118/162/734 110/161/735 191/230/736
f 111/168/737 119/167/738 147/272/739 192/287/740
f 142/257/741 120/166/742 112/165/743 185/288/744
f 121/170/745 122/169/746 123/177/747
f 126/183/748 127/182/749 128/190/750
f 131/196/751 132/195/752 133/203/753
f 136/209/754 137/208/755 138/216/756
f 143/222/757 144/221/758 145/225/759
f 150/233/760 151/232/761 152/234/762
f 157/242/763 158/241/764 159/243/765
f 164/251/766 165/250/767 166/252/768
f 199/289/769 198/290/770 194/291/771 195/292/772
f 197/293/773 200/294/774 196/295/775 193/296/776
f 210/297/777 209/298/778 201/299/779 202/300/780
f 212/301/781 211/302/782 203/303/783 204/304/784
f 206/305/785 214/306/786 213/307/787 205/308/788
f 208/309/789 216/310/790 215/311/791 207/312/792
f 218/313/793 217/314/794 276/315/795 275/316/796
f 219/317/797 218/318/798 221/319/799 220/320/800
f 217/314/801 219/321/802 238/322/803 237/323/804
f 220/320/805 221/319/806 272/324/807 271/325/808
f 223/326/809 222/327/810 282/328/811 281/329/812
f 224/330/813 223/331/814 226/332/815 225/333/816
f 222/327/817 224/334/818 244/335/819 245/336/820
f 225/333/821 226/332/822 266/337/823 265/338/824
f 228/339/825 227/340/826 274/341/827 273/342/828
f 229/343/829 228/344/830 231/345/831 230/346/832
f 227/340/833 229/347/834 252/348/835 251/349/836
f 230/346/837 231/345/838 268/350/839 267/351/840
f 233/352/841 232/353/842 283/354/843 284/355/844
f 234/356/845 233/357/846 236/358/847 235/359/848
f 232/353/849 234/360/850 258/361/851 259/362/852
f 235/359/853 236/358/854 270/363/855 269/364/856
f 237/323/857 238/322/858 281/329/859 282/328/860
f 240/365/861 239/366/862 277/367/863 278/368/864
f 241/369/865 240/365/866 242/370/867 243/371/868
f 239/372/869 241/373/870 271/325/871 272/324/872
f 243/371/873 242/370/874 287/374/875 288/375/876
f 245/336/877 244/335/878 273/342/879 274/341/880
f 247/376/881 246/377/882 288/375/883 287/374/884
f 248/378/885 247/376/886 250/379/887 249/380/888
f 246/381/889 248/382/890 265/338/891 266/337/892
f 249/380/893 250/379/894 280/383/895 279/384/896
f 251/349/897 252/348/898 284/355/899 283/354/900
f 254/385/901 253/386/902 279/384/903 280/383/904
f 255/387/905 254/385/906 257/388/907 256/389/908
f 253/390/909 255/391/910 267/351/911 268/350/912
f 256/389/913 257/388/914 286/392/915 285/393/916
f 259/362/917 258/361/918 275/316/919 276/315/920
f 261/394/921 260/395/922 285/393/923 286/392/924
f 262/396/925 261/394/926 264/397/927 263/398/928
f 260/399/929 262/400/930 269/364/931 270/363/932
f 263/398/933 264/397/934 278/368/935 277/367/936
f 238/401/937 219/317/938 220/320/939 216/310/940
f 244/402/941 224/403/942 225/404/943 197/293/944
f 284/405/945 211/302/946 236/358/947 233/357/948
f 275/406/949 198/290/950 221/407/951 218/408/952
f 242/370/953 240/365/954 278/368/955 214/306/956
f 276/315/957 217/314/958 237/323/959 209/298/960
f 265/409/961 248/410/962 249/411/963 200/294/964
f 270/363/965 212/301/966 285/412/967 260/399/968
f 272/413/969 199/289/970 277/414/971 239/415/972
f 215/311/973 271/325/974 241/373/975 243/416/976
f 225/404/977 265/409/978 200/294/979 197/293/980
f 236/358/981 211/302/982 212/301/983 270/363/984
f 221/407/985 198/290/986 199/289/987 272/413/988
f 216/310/989 220/320/990 271/325/991 215/311/992
f 273/417/993 193/296/994 231/418/995 228/419/996
f 283/354/997 232/353/998 259/362/999 210/297/1000
f 258/420/1001 234/421/1002 235/422/1003 194/291/1004
f 195/292/1005 194/291/1006 235/422/1007 269/423/1008
f 263/424/1009 195/292/1010 269/423/1011 262/425/1012
f 213/307/1013 264/397/1014 261/394/1015 286/392/1016
f 196/295/1017 279/426/1018 253/427/1019 268/428/1020
f 193/296/1021 196/295/1022 268/428/1023 231/418/1024
f 244/402/1025 197/293/1026 193/296/1027 273/417/1028
f 259/362/1029 276/315/1030 209/298/1031 210/297/1032
f 258/420/1033 194/291/1034 198/290/1035 275/406/1036
f 277/414/1037 199/289/1038 195/292/1039 263/424/1040
f 214/306/1041 278/368/1042 264/397/1043 213/307/1044
f 200/294/1045 249/411/1046 279/426/1047 196/295/1048
f 201/299/1049 282/328/1050 222/327/1051 245/336/1052
f 202/300/1053 201/299/1054 245/336/1055 274/341/1056
f 251/349/1057 202/300/1058 274/341/1059 227/340/1060
f 252/429/1061 229/343/1062 230/346/1063 203/303/1064
f 204/304/1065 203/303/1066 230/346/1067 267/351/1068
f 256/430/1069 204/304/1070 267/351/1071 255/391/1072
f 280/383/1073 205/308/1074 257/388/1075 254/385/1076
f 250/379/1077 206/305/1078 205/308/1079 280/383/1080
f 287/374/1081 206/305/1082 250/379/1083 247/376/1084
f 266/337/1085 207/312/1086 288/431/1087 246/381/1088
f 226/332/1089 208/309/1090 207/312/1091 266/337/1092
f 281/432/1093 208/309/1094 226/332/1095 223/331/1096
f 209/298/1097 237/323/1098 282/328/1099 201/299/1100
f 283/354/1101 210/297/1102 202/300/1103 251/349/1104
f 252/429/1105 203/303/1106 211/302/1107 284/405/1108
f 285/412/1109 212/301/1110 204/304/1111 256/430/1112
f 205/308/1113 213/307/1114 286/392/1115 257/388/1116
f 242/370/1117 214/306/1118 206/305/1119 287/374/1120
f 207/312/1121 215/311/1122 243/416/1123 288/431/1124
f 238/401/1125 216/310/1126 208/309/1127 281/432/1128
f 217/314/1129 218/313/1130 219/321/1131
f 222/327/1132 223/326/1133 224/334/1134
f 227/340/1135 228/339/1136 229/347/1137
f 232/353/1138 233/352/1139 234/360/1140
f 239/366/1141 240/365/1142 241/369/1143
f 246/377/1144 247/376/1145 248/378/1146
f 253/386/1147 254/385/1148 255/387/1149
f 260/395/1150 261/394/1151 262/396/1152
f 295/433/1153 294/434/1154 290/435/1155 291/436/1156
f 293/437/1157 296/438/1158 292/439/1159 289/440/1160
f 306/441/1161 305/442/1162 297/443/1163 298/444/1164
f 308/445/1165 307/446/1166 299/447/1167 300/448/1168
f 302/449/1169 310/450/1170 309/451/1171 301/452/1172
f 304/453/1173 312/454/1174 311/455/1175 303/456/1176
f 314/457/1177 313/458/1178 372/459/1179 371/460/1180
f 315/461/1181 314/462/1182 317/463/1183 316/464/1184
f 313/458/1185 315/465/1186 334/466/1187 333/467/1188
f 316/464/1189 317/463/1190 368/468/1191 367/469/1192
f 319/470/1193 318/471/1194 378/472/1195 377/473/1196
f 320/474/1197 319/475/1198 322/476/1199 321/477/1200
f 318/471/1201 320/478/1202 340/479/1203 341/480/1204
f 321/477/1205 322/476/1206 362/481/1207 361/482/1208
f 324/483/1209 323/484/1210 370/485/1211 369/486/1212
f 325/487/1213 324/488/1214 327/489/1215 326/490/1216
f 323/484/1217 325/491/1218 348/492/1219 347/493/1220
f 326/490/1221 327/489/1222 364/494/1223 363/495/1224
f 329/496/1225 328/497/1226 379/498/1227 380/499/1228
f 330/500/1229 329/501/1230 332/502/1231 331/503/1232
f 328/497/1233 330/504/1234 354/505/1235 355/506/1236
f 331/503/1237 332/502/1238 366/507/1239 365/508/1240
f 333/467/1241 334/466/1242 377/473/1243 378/472/1244
f 336/509/1245 335/510/1246 373/511/1247 374/512/1248
f 337/513/1249 336/509/1250 338/514/1251 339/515/1252
f 335/516/1253 337/517/1254 367/469/1255 368/468/1256
f 339/515/1257 338/514/1258 383/518/1259 384/519/1260
f 341/480/1261 340/479/1262 369/486/1263 370/485/1264
f 343/520/1265 342/521/1266 384/519/1267 383/518/1268
f 344/522/1269 343/520/1270 346/523/1271 345/524/1272
f 342/525/1273 344/526/1274 361/482/1275 362/481/1276
f 345/524/1277 346/523/1278 376/527/1279 375/528/1280
f 347/493/1281 348/492/1282 380/499/1283 379/498/1284
f 350/529/1285 349/530/1286 375/528/1287 376/527/1288
f 351/531/1289 350/529/1290 353/532/1291 352/533/1292
f 349/534/1293 351/535/1294 363/495/1295 364/494/1296
f 352/533/1297 353/532/1298 382/536/1299 381/537/1300
f 355/506/1301 354/505/1302 371/460/1303 372/459/1304
f 357/538/1305 356/539/1306 381/537/1307 382/536/1308
f 358/540/1309 357/538/1310 360/541/1311 359/542/1312
f 356/543/1313 358/544/1314 365/508/1315 366/507/1316
f 359/542/1317 360/541/1318 374/512/1319 373/511/1320
f 334/545/1321 315/461/1322 316/464/1323 312/454/1324
f 340/546/1325 320/547/1326 321/548/1327 293/437/1328
f 380/549/1329 307/446/1330 332/502/1331 329/501/1332
f 371/550/1333 294/434/1334 317/551/1335 314/552/1336
f 338/514/1337 336/509/1338 374/512/1339 310/450/1340
f 372/459/1341 313/458/1342 333/467/1343 305/442/1344
f 361/553/1345 344/554/1346 345/555/1347 296/438/1348
f 366/507/1349 308/445/1350 381/556/1351 356/543/1352
f 368/557/1353 295/433/1354 373/558/1355 335/559/1356
f 311/455/1357 367/469/1358 337/517/1359 339/560/1360
f 321/548/1361 361/553/1362 296/438/1363 293/437/1364
f 332/502/1365 307/446/1366 308/445/1367 366/507/1368
f 317/551/1369 294/434/1370 295/433/1371 368/557/1372
f 312/454/1373 316/464/1374 367/469/1375 311/455/1376
f 369/561/1377 289/440/1378 327/562/1379 324/563/1380
f 379/498/1381 328/497/1382 355/506/1383 306/441/1384
f 354/564/1385 330/565/1386 331/566/1387 290/435/1388
f 291/436/1389 290/435/1390 331/566/1391 365/567/1392
f 359/568/1393 291/436/1394 365/567/1395 358/569/1396
f 309/451/1397 360/541/1398 357/538/1399 382/536/1400
f 292/439/1401 375/570/1402 349/571/1403 364/572/1404
f 289/440/1405 292/439/1406 364/572/1407 327/562/1408
f 340/546/1409 293/437/1410 289/440/1411 369/561/1412
f 355/506/1413 372/459/1414 305/442/1415 306/441/1416
f 354/564/1417 290/435/1418 294/434/1419 371/550/1420
f 373/558/1421 295/433/1422 291/436/1423 359/568/1424
f 310/450/1425 374/512/1426 360/541/1427 309/451/1428
f 296/438/1429 345/555/1430 375/570/1431 292/439/1432
f 297/443/1433 378/472/1434 318/471/1435 341/480/1436
f 298/444/1437 297/443/1438 341/480/1439 370/485/1440
f 347/493/1441 298/444/1442 370/485/1443 323/484/1444
f 348/573/1445 325/487/1446 326/490/1447 299/447/1448
f 300/448/1449 299/447/1450 326/490/1451 363/495/1452
f 352/574/1453 300/448/1454 363/495/1455 351/535/1456
f 376/527/1457 301/452/1458 353/532/1459 350/529/1460
f 346/523/1461 302/449/1462 301/452/1463 376/527/1464
f 383/518/1465 302/449/1466 346/523/1467 343/520/1468
f 362/481/1469 303/456/1470 384/575/1471 342/525/1472
f 322/476/1473 304/453/1474 303/456/1475 362/481/1476
f 377/576/1477 304/453/1478 322/476/1479 319/475/1480
f 305/442/1481 333/467/1482 378/472/1483 297/443/1484
f 379/498/1485 306/441/1486 298/444/1487 347/493/1488
f 348/573/1489 299/447/1490 307/446/1491 380/549/1492
f 381/556/1493 308/445/1494 300/448/1495 352/574/1496
f 301/452/1497 309/451/1498 382/536/1499 353/532/1500
f 338/514/1501 310/450/1502 302/449/1503 383/518/1504
f 303/456/1505 311/455/1506 339/560/1507 384/575/1508
f 334/545/1509 312/454/1510 304/453/1511 377/576/1512
f 313/458/1513 314/457/1514 315/465/1515
f 318/471/1516 319/470/1517 320/478/1518
f 323/484/1519 324/483/1520 325/491/1521
f 328/497/1522 329/496/1523 330/504/1524
f 335/510/1525 336/509/1526 337/513/1527
f 342/521/1528 343/520/1529 344/522/1530
f 349/530/1531 350/529/1532 351/531/1533
f 356/539/1534 357/538/1535 358/540/1536
